# test0880
[INDEX]
30, 20, 1

[LAGKOST]
0.80, 0.80, 1.20, 0.80, 1.10, 1.00, 0.90, 1.10, 0.90, 1.00, 0.90, 0.90, 1.00, 1.00, 0.90, 0.80, 1.20, 1.00, 1.00, 1.10, 1.00, 1.00, 1.20, 1.10, 1.20, 0.80, 1.00, 0.90, 1.10, 0.80

[L0]
0, 0, 0, 0, 0, 0, 0, 0, 0, 0, 0, 0, 0, 0, 0, 0, 0, 0, 0, 0, 0, 0, 0, 0, 0, 0, 0, 0, 0, 0

[LT]
0, 0, 0, 0, 0, 0, 0, 0, 0, 0, 0, 0, 0, 0, 0, 0, 0, 0, 0, 0, 0, 0, 0, 0, 0, 0, 0, 0, 0, 0

[KAPAZ]
4064, 4064, 4064, 4064, 4064, 4064, 4064, 4064, 4064, 4064, 4064, 4064, 4064, 4064, 4064, 4064, 4064, 4064, 4064, 4064

[P-BEDARF]
0.00, 0.00, 165.00, 81.00, 128.00, 25.00, 111.00, 60.00, 164.00, 44.00, 127.00, 121.00, 27.00, 33.00, 4.00, 164.00, 130.00, 13.00, 72.00, 180.00
4.00, 34.00, 197.00, 0.00, 53.00, 40.00, 150.00, 70.00, 60.00, 10.00, 15.00, 111.00, 26.00, 35.00, 98.00, 195.00, 16.00, 120.00, 14.00, 158.00
0.00, 113.00, 45.00, 157.00, 62.00, 15.00, 90.00, 46.00, 23.00, 68.00, 136.00, 98.00, 112.00, 105.00, 105.00, 45.00, 121.00, 139.00, 40.00, 14.00
0.00, 0.00, 0.00, 140.00, 92.00, 123.00, 168.00, 151.00, 0.00, 81.00, 15.00, 7.00, 181.00, 65.00, 141.00, 108.00, 124.00, 164.00, 114.00, 102.00
106.00, 0.00, 107.00, 0.00, 140.00, 141.00, 46.00, 11.00, 191.00, 131.00, 167.00, 100.00, 53.00, 98.00, 82.00, 181.00, 70.00, 155.00, 63.00, 29.00
6.00, 0.00, 187.00, 0.00, 183.00, 51.00, 14.00, 133.00, 43.00, 112.00, 183.00, 89.00, 157.00, 153.00, 192.00, 88.00, 55.00, 125.00, 22.00, 9.00
0.00, 0.00, 25.00, 0.00, 51.00, 149.00, 65.00, 28.00, 26.00, 132.00, 153.00, 137.00, 186.00, 5.00, 45.00, 121.00, 102.00, 122.00, 162.00, 191.00
167.00, 93.00, 0.00, 0.00, 136.00, 154.00, 67.00, 168.00, 170.00, 82.00, 69.00, 84.00, 45.00, 176.00, 127.00, 103.00, 69.00, 132.00, 94.00, 171.00
178.00, 0.00, 71.00, 9.00, 87.00, 32.00, 178.00, 74.00, 96.00, 61.00, 130.00, 134.00, 173.00, 125.00, 89.00, 162.00, 7.00, 5.00, 99.00, 1.00
28.00, 0.00, 0.00, 86.00, 57.00, 133.00, 79.00, 43.00, 55.00, 52.00, 196.00, 4.00, 147.00, 164.00, 137.00, 114.00, 28.00, 39.00, 137.00, 27.00
0.00, 25.00, 117.00, 191.00, 86.00, 43.00, 193.00, 2.00, 106.00, 158.00, 101.00, 117.00, 108.00, 63.00, 179.00, 110.00, 100.00, 188.00, 7.00, 147.00
117.00, 0.00, 0.00, 8.00, 158.00, 57.00, 71.00, 22.00, 90.00, 5.00, 88.00, 6.00, 191.00, 48.00, 59.00, 52.00, 97.00, 81.00, 115.00, 166.00
187.00, 0.00, 0.00, 111.00, 117.00, 155.00, 43.00, 115.00, 195.00, 143.00, 20.00, 159.00, 140.00, 116.00, 108.00, 185.00, 181.00, 137.00, 168.00, 110.00
147.00, 0.00, 0.00, 136.00, 60.00, 140.00, 24.00, 31.00, 95.00, 137.00, 163.00, 20.00, 131.00, 2.00, 61.00, 145.00, 169.00, 44.00, 64.00, 59.00
106.00, 129.00, 0.00, 114.00, 183.00, 3.00, 151.00, 121.00, 161.00, 77.00, 111.00, 128.00, 74.00, 44.00, 58.00, 6.00, 71.00, 132.00, 121.00, 27.00
0.00, 196.00, 0.00, 109.00, 61.00, 72.00, 14.00, 183.00, 68.00, 93.00, 84.00, 116.00, 18.00, 44.00, 198.00, 46.00, 122.00, 131.00, 84.00, 31.00
0.00, 104.00, 0.00, 0.00, 95.00, 162.00, 147.00, 196.00, 169.00, 36.00, 33.00, 80.00, 155.00, 64.00, 161.00, 25.00, 133.00, 127.00, 156.00, 144.00
51.00, 0.00, 0.00, 138.00, 171.00, 148.00, 79.00, 101.00, 17.00, 115.00, 165.00, 70.00, 85.00, 188.00, 199.00, 130.00, 116.00, 18.00, 125.00, 110.00
0.00, 95.00, 116.00, 0.00, 23.00, 2.00, 131.00, 186.00, 129.00, 105.00, 8.00, 179.00, 4.00, 60.00, 86.00, 91.00, 139.00, 154.00, 117.00, 24.00
0.00, 0.00, 90.00, 0.00, 55.00, 0.00, 130.00, 66.00, 155.00, 113.00, 10.00, 161.00, 88.00, 144.00, 73.00, 120.00, 93.00, 82.00, 199.00, 116.00
0.00, 0.00, 0.00, 155.00, 122.00, 180.00, 30.00, 68.00, 185.00, 35.00, 187.00, 38.00, 45.00, 53.00, 58.00, 79.00, 65.00, 94.00, 16.00, 19.00
0.00, 96.00, 0.00, 183.00, 173.00, 184.00, 1.00, 174.00, 52.00, 59.00, 131.00, 20.00, 11.00, 138.00, 99.00, 130.00, 90.00, 0.00, 9.00, 141.00
0.00, 45.00, 39.00, 42.00, 137.00, 62.00, 138.00, 146.00, 124.00, 38.00, 118.00, 179.00, 58.00, 80.00, 21.00, 22.00, 110.00, 195.00, 102.00, 4.00
0.00, 0.00, 0.00, 0.00, 53.00, 190.00, 147.00, 197.00, 12.00, 97.00, 167.00, 3.00, 53.00, 101.00, 184.00, 159.00, 133.00, 67.00, 81.00, 69.00
0.00, 0.00, 148.00, 0.00, 193.00, 81.00, 74.00, 185.00, 139.00, 188.00, 130.00, 170.00, 189.00, 156.00, 23.00, 71.00, 102.00, 3.00, 179.00, 138.00
0.00, 0.00, 0.00, 68.00, 178.00, 120.00, 1.00, 140.00, 59.00, 5.00, 160.00, 111.00, 163.00, 196.00, 152.00, 197.00, 63.00, 21.00, 73.00, 39.00
0.00, 50.00, 0.00, 0.00, 31.00, 52.00, 153.00, 82.00, 4.00, 17.00, 7.00, 132.00, 177.00, 7.00, 29.00, 147.00, 108.00, 91.00, 59.00, 199.00
66.00, 156.00, 189.00, 0.00, 51.00, 110.00, 30.00, 3.00, 97.00, 62.00, 134.00, 191.00, 147.00, 74.00, 136.00, 32.00, 27.00, 111.00, 108.00, 145.00
161.00, 9.00, 0.00, 0.00, 24.00, 130.00, 27.00, 2.00, 90.00, 13.00, 77.00, 160.00, 81.00, 137.00, 86.00, 89.00, 47.00, 27.00, 56.00, 3.00
85.00, 0.00, 89.00, 180.00, 81.00, 88.00, 92.00, 179.00, 167.00, 117.00, 17.00, 151.00, 40.00, 96.00, 147.00, 199.00, 40.00, 131.00, 124.00, 125.00

[PRODKOEF]
1, 1, 1.00
1, 2, 1.00
1, 3, 1.00
1, 4, 1.00
1, 5, 1.00
1, 6, 1.00
1, 7, 1.00
1, 8, 1.00
1, 9, 1.00
1, 10, 1.00
1, 11, 1.00
1, 12, 1.00
1, 13, 1.00
1, 14, 1.00
1, 15, 1.00
1, 16, 1.00
1, 17, 1.00
1, 18, 1.00
1, 19, 1.00
1, 20, 1.00
1, 21, 1.00
1, 22, 1.00
1, 23, 1.00
1, 24, 1.00
1, 25, 1.00
1, 26, 1.00
1, 27, 1.00
1, 28, 1.00
1, 29, 1.00
1, 30, 1.00

[RUESTK]
25.00
25.00
37.00
75.00
37.00
75.00
50.00
62.00
25.00
50.00
25.00
37.00
37.00
50.00
50.00
75.00
62.00
62.00
37.00
25.00
62.00
25.00
25.00
75.00
37.00
37.00
25.00
25.00
75.00
50.00

[RUESTZ]
1, 1, 21.00
1, 2, 43.00
1, 3, 43.00
1, 4, 54.00
1, 5, 54.00
1, 6, 43.00
1, 7, 21.00
1, 8, 43.00
1, 9, 21.00
1, 10, 65.00
1, 11, 54.00
1, 12, 54.00
1, 13, 43.00
1, 14, 32.00
1, 15, 65.00
1, 16, 21.00
1, 17, 43.00
1, 18, 32.00
1, 19, 43.00
1, 20, 21.00
1, 21, 54.00
1, 22, 32.00
1, 23, 54.00
1, 24, 43.00
1, 25, 43.00
1, 26, 65.00
1, 27, 32.00
1, 28, 54.00
1, 29, 65.00
1, 30, 54.00

[UEBER-KS]
10000

[DIREKT-B]

