# test0600
[INDEX]
20, 20, 1

[LAGKOST]
0.80, 0.90, 1.10, 1.00, 0.90, 1.10, 1.10, 1.20, 1.00, 1.20, 1.00, 1.10, 1.00, 0.90, 1.10, 1.10, 1.00, 1.20, 0.90, 1.00

[L0]
0, 0, 0, 0, 0, 0, 0, 0, 0, 0, 0, 0, 0, 0, 0, 0, 0, 0, 0, 0

[LT]
0, 0, 0, 0, 0, 0, 0, 0, 0, 0, 0, 0, 0, 0, 0, 0, 0, 0, 0, 0

[KAPAZ]
3432, 3432, 3432, 3432, 3432, 3432, 3432, 3432, 3432, 3432, 3432, 3432, 3432, 3432, 3432, 3432, 3432, 3432, 3432, 3432

[P-BEDARF]
79.00, 115.00, 0.00, 0.00, 104.00, 76.00, 118.00, 86.00, 90.00, 93.00, 100.00, 97.00, 118.00, 103.00, 90.00, 84.00, 109.00, 120.00, 116.00, 113.00
98.00, 104.00, 111.00, 77.00, 112.00, 113.00, 99.00, 92.00, 84.00, 103.00, 107.00, 109.00, 83.00, 106.00, 84.00, 112.00, 123.00, 96.00, 110.00, 116.00
114.00, 0.00, 0.00, 118.00, 111.00, 124.00, 86.00, 121.00, 88.00, 90.00, 112.00, 121.00, 100.00, 84.00, 87.00, 96.00, 85.00, 105.00, 111.00, 93.00
114.00, 94.00, 106.00, 0.00, 91.00, 105.00, 87.00, 97.00, 120.00, 103.00, 85.00, 97.00, 89.00, 75.00, 116.00, 116.00, 75.00, 83.00, 109.00, 114.00
124.00, 82.00, 75.00, 0.00, 121.00, 76.00, 90.00, 121.00, 106.00, 94.00, 111.00, 98.00, 75.00, 92.00, 90.00, 115.00, 83.00, 93.00, 88.00, 101.00
0.00, 119.00, 113.00, 0.00, 105.00, 99.00, 110.00, 89.00, 85.00, 118.00, 78.00, 112.00, 92.00, 114.00, 86.00, 111.00, 121.00, 98.00, 97.00, 123.00
113.00, 108.00, 0.00, 122.00, 93.00, 101.00, 79.00, 113.00, 75.00, 114.00, 98.00, 103.00, 119.00, 109.00, 103.00, 122.00, 101.00, 94.00, 78.00, 120.00
123.00, 0.00, 108.00, 0.00, 124.00, 84.00, 86.00, 108.00, 81.00, 116.00, 121.00, 99.00, 86.00, 90.00, 124.00, 114.00, 120.00, 78.00, 75.00, 112.00
103.00, 76.00, 0.00, 117.00, 106.00, 107.00, 104.00, 115.00, 106.00, 85.00, 102.00, 120.00, 113.00, 84.00, 84.00, 84.00, 76.00, 101.00, 102.00, 87.00
0.00, 0.00, 0.00, 0.00, 78.00, 118.00, 80.00, 76.00, 92.00, 97.00, 76.00, 90.00, 84.00, 97.00, 115.00, 91.00, 91.00, 89.00, 118.00, 120.00
76.00, 0.00, 89.00, 0.00, 87.00, 121.00, 88.00, 79.00, 82.00, 105.00, 80.00, 101.00, 89.00, 112.00, 109.00, 82.00, 107.00, 93.00, 110.00, 113.00
96.00, 0.00, 0.00, 0.00, 117.00, 107.00, 101.00, 87.00, 86.00, 100.00, 90.00, 84.00, 78.00, 110.00, 86.00, 124.00, 106.00, 93.00, 91.00, 117.00
85.00, 0.00, 89.00, 96.00, 98.00, 104.00, 102.00, 107.00, 80.00, 113.00, 120.00, 78.00, 117.00, 112.00, 112.00, 81.00, 105.00, 111.00, 100.00, 119.00
121.00, 0.00, 81.00, 0.00, 106.00, 96.00, 97.00, 91.00, 104.00, 96.00, 85.00, 115.00, 78.00, 118.00, 76.00, 119.00, 77.00, 86.00, 92.00, 102.00
89.00, 0.00, 0.00, 95.00, 100.00, 94.00, 120.00, 103.00, 81.00, 105.00, 102.00, 114.00, 103.00, 81.00, 101.00, 105.00, 87.00, 95.00, 99.00, 93.00
86.00, 75.00, 0.00, 122.00, 99.00, 94.00, 105.00, 87.00, 97.00, 75.00, 78.00, 86.00, 102.00, 110.00, 107.00, 88.00, 76.00, 78.00, 106.00, 94.00
0.00, 0.00, 0.00, 0.00, 121.00, 89.00, 98.00, 83.00, 87.00, 105.00, 114.00, 120.00, 111.00, 113.00, 76.00, 101.00, 124.00, 95.00, 113.00, 99.00
0.00, 98.00, 0.00, 0.00, 97.00, 116.00, 75.00, 113.00, 79.00, 82.00, 112.00, 124.00, 98.00, 91.00, 116.00, 95.00, 83.00, 106.00, 99.00, 109.00
78.00, 123.00, 81.00, 112.00, 76.00, 120.00, 105.00, 111.00, 94.00, 91.00, 108.00, 77.00, 101.00, 86.00, 90.00, 91.00, 100.00, 93.00, 123.00, 82.00
124.00, 96.00, 111.00, 0.00, 114.00, 113.00, 86.00, 90.00, 91.00, 102.00, 79.00, 95.00, 98.00, 96.00, 82.00, 116.00, 89.00, 117.00, 107.00, 84.00

[PRODKOEF]
1, 1, 1.00
1, 2, 1.00
1, 3, 1.00
1, 4, 1.00
1, 5, 1.00
1, 6, 1.00
1, 7, 1.00
1, 8, 1.00
1, 9, 1.00
1, 10, 1.00
1, 11, 1.00
1, 12, 1.00
1, 13, 1.00
1, 14, 1.00
1, 15, 1.00
1, 16, 1.00
1, 17, 1.00
1, 18, 1.00
1, 19, 1.00
1, 20, 1.00

[RUESTK]
37.00
62.00
50.00
62.00
50.00
75.00
62.00
37.00
50.00
25.00
37.00
50.00
75.00
75.00
37.00
62.00
50.00
25.00
37.00
25.00

[RUESTZ]
1, 1, 43.00
1, 2, 54.00
1, 3, 32.00
1, 4, 32.00
1, 5, 43.00
1, 6, 65.00
1, 7, 54.00
1, 8, 21.00
1, 9, 32.00
1, 10, 32.00
1, 11, 32.00
1, 12, 21.00
1, 13, 65.00
1, 14, 54.00
1, 15, 21.00
1, 16, 32.00
1, 17, 54.00
1, 18, 21.00
1, 19, 65.00
1, 20, 21.00

[UEBER-KS]
10000

[DIREKT-B]

