# test0350
[INDEX]
6, 15, 1

[LAGKOST]
3.00, 4.00, 3.00, 3.00, 2.00, 3.00

[L0]
0, 0, 0, 0, 0, 0

[LT]
0, 0, 0, 0, 0, 0

[KAPAZ]
662, 662, 662, 662, 662, 662, 662, 662, 662, 662, 662, 662, 662, 662, 662

[P-BEDARF]
98.00, 98.00, 76.00, 100.00, 87.00, 106.00, 87.00, 111.00, 93.00, 100.00, 78.00, 111.00, 79.00, 116.00, 80.00
75.00, 0.00, 101.00, 76.00, 86.00, 75.00, 110.00, 105.00, 125.00, 78.00, 105.00, 110.00, 123.00, 80.00, 85.00
119.00, 124.00, 120.00, 0.00, 87.00, 97.00, 123.00, 80.00, 107.00, 113.00, 80.00, 113.00, 78.00, 88.00, 87.00
0.00, 82.00, 112.00, 106.00, 96.00, 105.00, 100.00, 85.00, 121.00, 78.00, 86.00, 90.00, 111.00, 101.00, 109.00
0.00, 0.00, 94.00, 0.00, 93.00, 104.00, 94.00, 90.00, 115.00, 101.00, 99.00, 76.00, 112.00, 120.00, 121.00
0.00, 117.00, 108.00, 0.00, 90.00, 79.00, 118.00, 76.00, 97.00, 107.00, 117.00, 94.00, 80.00, 111.00, 89.00

[PRODKOEF]
1, 1, 1.00
1, 2, 1.00
1, 3, 1.00
1, 4, 1.00
1, 5, 1.00
1, 6, 1.00

[RUESTK]
800.00
200.00
400.00
600.00
1000.00
400.00

[RUESTZ]
1, 1, 10.00
1, 2, 50.00
1, 3, 50.00
1, 4, 10.00
1, 5, 40.00
1, 6, 40.00

[UEBER-KS]
10000

[DIREKT-B]

