# test0521
[INDEX]
10, 20, 1

[LAGKOST]
1.00, 1.00, 0.80, 0.80, 1.10, 1.10, 0.80, 1.10, 0.90, 1.10

[L0]
0, 0, 0, 0, 0, 0, 0, 0, 0, 0

[LT]
0, 0, 0, 0, 0, 0, 0, 0, 0, 0

[KAPAZ]
1266, 1266, 1266, 1266, 1266, 1266, 1266, 1266, 1266, 1266, 1266, 1266, 1266, 1266, 1266, 1266, 1266, 1266, 1266, 1266

[P-BEDARF]
24.00, 0.00, 101.00, 14.00, 4.00, 127.00, 147.00, 9.00, 7.00, 5.00, 54.00, 55.00, 57.00, 136.00, 132.00, 119.00, 129.00, 4.00, 58.00, 87.00
0.00, 0.00, 0.00, 106.00, 37.00, 163.00, 86.00, 133.00, 86.00, 146.00, 79.00, 99.00, 36.00, 193.00, 150.00, 129.00, 61.00, 168.00, 131.00, 146.00
0.00, 61.00, 0.00, 51.00, 179.00, 38.00, 165.00, 44.00, 7.00, 159.00, 149.00, 45.00, 95.00, 40.00, 36.00, 15.00, 98.00, 86.00, 194.00, 53.00
132.00, 158.00, 179.00, 112.00, 51.00, 5.00, 63.00, 167.00, 95.00, 179.00, 124.00, 28.00, 1.00, 188.00, 188.00, 23.00, 184.00, 7.00, 184.00, 117.00
0.00, 122.00, 171.00, 153.00, 62.00, 89.00, 37.00, 117.00, 57.00, 190.00, 163.00, 160.00, 90.00, 75.00, 111.00, 5.00, 179.00, 101.00, 58.00, 166.00
0.00, 81.00, 195.00, 104.00, 115.00, 42.00, 54.00, 192.00, 30.00, 103.00, 167.00, 26.00, 86.00, 98.00, 198.00, 17.00, 199.00, 86.00, 166.00, 37.00
0.00, 31.00, 91.00, 0.00, 67.00, 183.00, 188.00, 176.00, 69.00, 38.00, 94.00, 149.00, 98.00, 79.00, 157.00, 60.00, 51.00, 14.00, 191.00, 173.00
0.00, 178.00, 135.00, 157.00, 11.00, 24.00, 143.00, 126.00, 105.00, 159.00, 66.00, 187.00, 90.00, 95.00, 79.00, 4.00, 16.00, 39.00, 104.00, 20.00
0.00, 102.00, 63.00, 0.00, 157.00, 174.00, 176.00, 70.00, 57.00, 128.00, 84.00, 12.00, 60.00, 32.00, 55.00, 80.00, 33.00, 105.00, 135.00, 17.00
0.00, 0.00, 64.00, 0.00, 165.00, 136.00, 96.00, 39.00, 53.00, 112.00, 71.00, 68.00, 87.00, 76.00, 36.00, 5.00, 51.00, 24.00, 164.00, 127.00

[PRODKOEF]
1, 1, 1.00
1, 2, 1.00
1, 3, 1.00
1, 4, 1.00
1, 5, 1.00
1, 6, 1.00
1, 7, 1.00
1, 8, 1.00
1, 9, 1.00
1, 10, 1.00

[RUESTK]
200.00
150.00
250.00
200.00
250.00
250.00
150.00
100.00
300.00
250.00

[RUESTZ]
1, 1, 11.00
1, 2, 17.00
1, 3, 14.00
1, 4, 14.00
1, 5, 14.00
1, 6, 14.00
1, 7, 11.00
1, 8, 8.00
1, 9, 11.00
1, 10, 5.00

[UEBER-KS]
10000

[DIREKT-B]

