# test0701
[INDEX]
20, 20, 1

[LAGKOST]
1.20, 1.20, 1.20, 1.20, 0.80, 1.10, 0.80, 0.90, 0.80, 1.10, 0.90, 0.80, 1.20, 1.10, 1.20, 1.00, 1.10, 0.80, 1.20, 0.80

[L0]
0, 0, 0, 0, 0, 0, 0, 0, 0, 0, 0, 0, 0, 0, 0, 0, 0, 0, 0, 0

[LT]
0, 0, 0, 0, 0, 0, 0, 0, 0, 0, 0, 0, 0, 0, 0, 0, 0, 0, 0, 0

[KAPAZ]
2532, 2532, 2532, 2532, 2532, 2532, 2532, 2532, 2532, 2532, 2532, 2532, 2532, 2532, 2532, 2532, 2532, 2532, 2532, 2532

[P-BEDARF]
0.00, 138.00, 146.00, 92.00, 101.00, 18.00, 26.00, 114.00, 188.00, 151.00, 20.00, 20.00, 159.00, 74.00, 154.00, 49.00, 85.00, 145.00, 117.00, 145.00
0.00, 183.00, 31.00, 0.00, 180.00, 160.00, 74.00, 188.00, 146.00, 145.00, 154.00, 116.00, 76.00, 125.00, 3.00, 39.00, 11.00, 56.00, 191.00, 93.00
0.00, 0.00, 87.00, 118.00, 29.00, 116.00, 175.00, 181.00, 92.00, 67.00, 61.00, 56.00, 28.00, 27.00, 60.00, 191.00, 29.00, 147.00, 69.00, 24.00
199.00, 86.00, 196.00, 0.00, 19.00, 38.00, 101.00, 182.00, 5.00, 78.00, 108.00, 163.00, 194.00, 125.00, 134.00, 94.00, 75.00, 101.00, 51.00, 40.00
120.00, 0.00, 0.00, 0.00, 55.00, 53.00, 147.00, 46.00, 43.00, 27.00, 48.00, 190.00, 14.00, 45.00, 196.00, 83.00, 150.00, 152.00, 84.00, 24.00
0.00, 35.00, 124.00, 0.00, 156.00, 179.00, 145.00, 108.00, 9.00, 75.00, 72.00, 19.00, 127.00, 32.00, 68.00, 51.00, 159.00, 173.00, 2.00, 186.00
62.00, 103.00, 131.00, 0.00, 166.00, 102.00, 195.00, 179.00, 66.00, 169.00, 163.00, 88.00, 168.00, 180.00, 2.00, 186.00, 47.00, 13.00, 181.00, 4.00
0.00, 48.00, 0.00, 0.00, 136.00, 17.00, 84.00, 174.00, 111.00, 64.00, 159.00, 113.00, 70.00, 105.00, 3.00, 160.00, 187.00, 76.00, 175.00, 22.00
0.00, 113.00, 65.00, 0.00, 105.00, 137.00, 99.00, 14.00, 15.00, 113.00, 150.00, 62.00, 121.00, 122.00, 0.00, 79.00, 0.00, 101.00, 7.00, 96.00
0.00, 0.00, 0.00, 143.00, 155.00, 199.00, 114.00, 73.00, 157.00, 42.00, 30.00, 23.00, 36.00, 86.00, 169.00, 136.00, 98.00, 185.00, 126.00, 131.00
0.00, 192.00, 0.00, 0.00, 162.00, 162.00, 83.00, 76.00, 128.00, 4.00, 149.00, 182.00, 10.00, 154.00, 126.00, 51.00, 138.00, 54.00, 28.00, 195.00
94.00, 0.00, 0.00, 0.00, 28.00, 199.00, 199.00, 68.00, 25.00, 47.00, 151.00, 188.00, 133.00, 1.00, 128.00, 185.00, 124.00, 39.00, 124.00, 194.00
108.00, 0.00, 83.00, 77.00, 49.00, 174.00, 70.00, 0.00, 91.00, 44.00, 111.00, 65.00, 43.00, 47.00, 154.00, 155.00, 46.00, 146.00, 27.00, 1.00
189.00, 152.00, 119.00, 25.00, 42.00, 166.00, 87.00, 189.00, 75.00, 36.00, 180.00, 184.00, 160.00, 68.00, 187.00, 164.00, 46.00, 48.00, 31.00, 48.00
27.00, 106.00, 0.00, 70.00, 12.00, 6.00, 54.00, 41.00, 129.00, 21.00, 155.00, 23.00, 90.00, 154.00, 72.00, 40.00, 61.00, 94.00, 142.00, 77.00
149.00, 40.00, 0.00, 161.00, 91.00, 87.00, 67.00, 29.00, 145.00, 3.00, 100.00, 56.00, 93.00, 32.00, 97.00, 108.00, 145.00, 80.00, 98.00, 192.00
173.00, 142.00, 0.00, 0.00, 195.00, 27.00, 83.00, 3.00, 131.00, 26.00, 84.00, 121.00, 40.00, 41.00, 190.00, 30.00, 48.00, 136.00, 174.00, 176.00
0.00, 20.00, 8.00, 0.00, 189.00, 108.00, 55.00, 150.00, 31.00, 124.00, 11.00, 162.00, 38.00, 151.00, 17.00, 165.00, 102.00, 149.00, 17.00, 125.00
0.00, 156.00, 0.00, 0.00, 74.00, 145.00, 104.00, 197.00, 4.00, 48.00, 33.00, 182.00, 68.00, 59.00, 74.00, 35.00, 126.00, 95.00, 199.00, 62.00
0.00, 0.00, 114.00, 183.00, 86.00, 184.00, 71.00, 158.00, 144.00, 156.00, 94.00, 186.00, 31.00, 126.00, 50.00, 74.00, 125.00, 6.00, 134.00, 39.00

[PRODKOEF]
1, 1, 1.00
1, 2, 1.00
1, 3, 1.00
1, 4, 1.00
1, 5, 1.00
1, 6, 1.00
1, 7, 1.00
1, 8, 1.00
1, 9, 1.00
1, 10, 1.00
1, 11, 1.00
1, 12, 1.00
1, 13, 1.00
1, 14, 1.00
1, 15, 1.00
1, 16, 1.00
1, 17, 1.00
1, 18, 1.00
1, 19, 1.00
1, 20, 1.00

[RUESTK]
100.00
150.00
200.00
100.00
250.00
300.00
200.00
150.00
250.00
250.00
200.00
100.00
100.00
200.00
150.00
300.00
100.00
150.00
250.00
100.00

[RUESTZ]
1, 1, 5.00
1, 2, 14.00
1, 3, 17.00
1, 4, 14.00
1, 5, 17.00
1, 6, 14.00
1, 7, 17.00
1, 8, 14.00
1, 9, 11.00
1, 10, 5.00
1, 11, 11.00
1, 12, 11.00
1, 13, 14.00
1, 14, 8.00
1, 15, 14.00
1, 16, 8.00
1, 17, 11.00
1, 18, 5.00
1, 19, 11.00
1, 20, 8.00

[UEBER-KS]
10000

[DIREKT-B]

