# test0401
[INDEX]
10, 20, 1

[LAGKOST]
0.80, 0.80, 1.20, 0.90, 1.00, 1.00, 0.80, 0.90, 1.20, 0.90

[L0]
0, 0, 0, 0, 0, 0, 0, 0, 0, 0

[LT]
0, 0, 0, 0, 0, 0, 0, 0, 0, 0

[KAPAZ]
1332, 1332, 1332, 1332, 1332, 1332, 1332, 1332, 1332, 1332, 1332, 1332, 1332, 1332, 1332, 1332, 1332, 1332, 1332, 1332

[P-BEDARF]
0.00, 0.00, 0.00, 113.00, 95.00, 120.00, 113.00, 82.00, 123.00, 90.00, 120.00, 103.00, 106.00, 94.00, 84.00, 75.00, 121.00, 88.00, 100.00, 124.00
115.00, 113.00, 111.00, 94.00, 96.00, 115.00, 98.00, 116.00, 103.00, 98.00, 102.00, 85.00, 122.00, 121.00, 105.00, 75.00, 115.00, 104.00, 99.00, 78.00
116.00, 0.00, 0.00, 116.00, 113.00, 78.00, 86.00, 85.00, 114.00, 112.00, 86.00, 78.00, 100.00, 108.00, 110.00, 77.00, 104.00, 119.00, 96.00, 96.00
0.00, 0.00, 96.00, 0.00, 100.00, 90.00, 98.00, 97.00, 81.00, 78.00, 116.00, 97.00, 109.00, 83.00, 93.00, 81.00, 104.00, 98.00, 83.00, 113.00
0.00, 0.00, 0.00, 0.00, 101.00, 86.00, 96.00, 106.00, 94.00, 116.00, 96.00, 122.00, 98.00, 79.00, 82.00, 94.00, 119.00, 94.00, 87.00, 103.00
92.00, 0.00, 105.00, 0.00, 82.00, 110.00, 119.00, 79.00, 121.00, 123.00, 109.00, 115.00, 118.00, 120.00, 80.00, 123.00, 96.00, 106.00, 77.00, 89.00
89.00, 110.00, 118.00, 0.00, 114.00, 113.00, 108.00, 113.00, 86.00, 105.00, 103.00, 91.00, 84.00, 86.00, 92.00, 93.00, 109.00, 76.00, 76.00, 124.00
0.00, 0.00, 107.00, 88.00, 80.00, 92.00, 123.00, 96.00, 115.00, 105.00, 98.00, 88.00, 107.00, 77.00, 121.00, 115.00, 82.00, 121.00, 106.00, 116.00
92.00, 0.00, 0.00, 0.00, 107.00, 112.00, 116.00, 79.00, 97.00, 87.00, 89.00, 78.00, 121.00, 85.00, 99.00, 110.00, 82.00, 115.00, 87.00, 106.00
0.00, 122.00, 0.00, 93.00, 109.00, 96.00, 92.00, 90.00, 117.00, 94.00, 85.00, 77.00, 81.00, 111.00, 108.00, 113.00, 108.00, 103.00, 114.00, 87.00

[PRODKOEF]
1, 1, 1.00
1, 2, 1.00
1, 3, 1.00
1, 4, 1.00
1, 5, 1.00
1, 6, 1.00
1, 7, 1.00
1, 8, 1.00
1, 9, 1.00
1, 10, 1.00

[RUESTK]
37.00
25.00
50.00
62.00
50.00
62.00
62.00
25.00
50.00
50.00

[RUESTZ]
1, 1, 17.00
1, 2, 8.00
1, 3, 17.00
1, 4, 14.00
1, 5, 14.00
1, 6, 14.00
1, 7, 11.00
1, 8, 17.00
1, 9, 11.00
1, 10, 8.00

[UEBER-KS]
10000

[DIREKT-B]

