# test0351
[INDEX]
12, 15, 1

[LAGKOST]
4.00, 1.00, 5.00, 4.00, 5.00, 4.00, 1.00, 4.00, 2.00, 4.00, 1.00, 5.00

[L0]
0, 0, 0, 0, 0, 0, 0, 0, 0, 0, 0, 0

[LT]
0, 0, 0, 0, 0, 0, 0, 0, 0, 0, 0, 0

[KAPAZ]
1456, 1456, 1456, 1456, 1456, 1456, 1456, 1456, 1456, 1456, 1456, 1456, 1456, 1456, 1456

[P-BEDARF]
97.00, 91.00, 117.00, 91.00, 77.00, 104.00, 96.00, 76.00, 102.00, 97.00, 108.00, 79.00, 121.00, 96.00, 124.00
106.00, 96.00, 100.00, 119.00, 108.00, 109.00, 96.00, 94.00, 90.00, 103.00, 83.00, 117.00, 95.00, 112.00, 79.00
116.00, 107.00, 93.00, 0.00, 109.00, 113.00, 106.00, 83.00, 121.00, 94.00, 125.00, 93.00, 84.00, 102.00, 101.00
94.00, 76.00, 108.00, 78.00, 78.00, 98.00, 77.00, 104.00, 116.00, 89.00, 105.00, 103.00, 96.00, 105.00, 99.00
116.00, 93.00, 113.00, 114.00, 86.00, 124.00, 105.00, 121.00, 100.00, 90.00, 104.00, 81.00, 124.00, 117.00, 83.00
102.00, 121.00, 109.00, 0.00, 118.00, 107.00, 90.00, 94.00, 112.00, 94.00, 84.00, 107.00, 77.00, 105.00, 113.00
117.00, 92.00, 88.00, 115.00, 86.00, 80.00, 92.00, 124.00, 119.00, 100.00, 117.00, 111.00, 97.00, 75.00, 79.00
0.00, 111.00, 0.00, 108.00, 100.00, 113.00, 90.00, 93.00, 107.00, 106.00, 97.00, 109.00, 92.00, 106.00, 106.00
0.00, 93.00, 116.00, 0.00, 75.00, 110.00, 116.00, 95.00, 119.00, 83.00, 77.00, 103.00, 81.00, 109.00, 124.00
97.00, 106.00, 0.00, 94.00, 102.00, 98.00, 87.00, 80.00, 105.00, 98.00, 87.00, 83.00, 105.00, 101.00, 90.00
0.00, 104.00, 123.00, 116.00, 86.00, 94.00, 76.00, 79.00, 108.00, 91.00, 79.00, 124.00, 102.00, 76.00, 122.00
0.00, 117.00, 92.00, 0.00, 96.00, 81.00, 118.00, 103.00, 103.00, 113.00, 90.00, 98.00, 119.00, 102.00, 76.00

[PRODKOEF]
1, 1, 1.00
1, 2, 1.00
1, 3, 1.00
1, 4, 1.00
1, 5, 1.00
1, 6, 1.00
1, 7, 1.00
1, 8, 1.00
1, 9, 1.00
1, 10, 1.00
1, 11, 1.00
1, 12, 1.00

[RUESTK]
600.00
800.00
400.00
200.00
400.00
200.00
200.00
800.00
600.00
400.00
200.00
800.00

[RUESTZ]
1, 1, 10.00
1, 2, 30.00
1, 3, 40.00
1, 4, 10.00
1, 5, 30.00
1, 6, 50.00
1, 7, 30.00
1, 8, 30.00
1, 9, 10.00
1, 10, 50.00
1, 11, 20.00
1, 12, 50.00

[UEBER-KS]
10000

[DIREKT-B]

