# test0123
[INDEX]
8, 15, 1

[LAGKOST]
1.00, 1.00, 2.00, 2.00, 2.00, 3.00, 3.00, 4.00

[L0]
0, 0, 0, 0, 0, 0, 0, 0

[LT]
0, 0, 0, 0, 0, 0, 0, 0

[KAPAZ]
3200, 3200, 3200, 3200, 3200, 3200, 3200, 3200, 3200, 3200, 3200, 3200, 3200, 3200, 3200

[P-BEDARF]
214.00, 189.00, 145.00, 161.00, 185.00, 243.00, 286.00, 304.00, 317.00, 323.00, 280.00, 249.00, 215.00, 190.00, 282.00
285.00, 274.00, 211.00, 236.00, 274.00, 331.00, 391.00, 424.00, 431.00, 451.00, 387.00, 341.00, 298.00, 270.00, 418.00
159.00, 140.00, 93.00, 118.00, 139.00, 182.00, 230.00, 266.00, 265.00, 275.00, 222.00, 208.00, 158.00, 137.00, 244.00
232.00, 212.00, 167.00, 180.00, 213.00, 276.00, 341.00, 383.00, 378.00, 410.00, 338.00, 309.00, 244.00, 215.00, 357.00
416.00, 384.00, 284.00, 330.00, 382.00, 470.00, 554.00, 626.00, 613.00, 651.00, 552.00, 500.00, 413.00, 377.00, 562.00
103.00, 93.00, 42.00, 58.00, 96.00, 135.00, 189.00, 207.00, 213.00, 222.00, 183.00, 155.00, 100.00, 99.00, 182.00
353.00, 330.00, 250.00, 261.00, 326.00, 428.00, 515.00, 572.00, 574.00, 609.00, 508.00, 455.00, 357.00, 336.00, 513.00
242.00, 213.00, 162.00, 183.00, 220.00, 282.00, 350.00, 390.00, 387.00, 409.00, 346.00, 300.00, 245.00, 212.00, 342.00

[PRODKOEF]
1, 1, 1.00
1, 2, 1.00
1, 3, 1.00
1, 4, 1.00
1, 5, 1.00
1, 6, 1.00
1, 7, 1.00
1, 8, 1.00

[RUESTK]
1200.00
800.00
1500.00
400.00
2000.00
1400.00
600.00
200.00

[RUESTZ]
1, 1, 60.00
1, 2, 50.00
1, 3, 60.00
1, 4, 75.00
1, 5, 85.00
1, 6, 45.00
1, 7, 55.00
1, 8, 75.00

[UEBER-KS]
10000

[DIREKT-B]

