# test0352
[INDEX]
12, 15, 1

[LAGKOST]
4.00, 4.00, 1.00, 2.00, 1.00, 1.00, 4.00, 3.00, 1.00, 2.00, 3.00, 1.00

[L0]
0, 0, 0, 0, 0, 0, 0, 0, 0, 0, 0, 0

[LT]
0, 0, 0, 0, 0, 0, 0, 0, 0, 0, 0, 0

[KAPAZ]
1456, 1456, 1456, 1456, 1456, 1456, 1456, 1456, 1456, 1456, 1456, 1456, 1456, 1456, 1456

[P-BEDARF]
83.00, 106.00, 91.00, 0.00, 94.00, 103.00, 118.00, 93.00, 98.00, 77.00, 101.00, 76.00, 119.00, 98.00, 92.00
80.00, 109.00, 102.00, 83.00, 85.00, 110.00, 103.00, 81.00, 113.00, 85.00, 115.00, 81.00, 88.00, 92.00, 95.00
80.00, 0.00, 94.00, 0.00, 114.00, 83.00, 108.00, 103.00, 96.00, 116.00, 83.00, 99.00, 101.00, 76.00, 95.00
108.00, 91.00, 96.00, 98.00, 115.00, 109.00, 114.00, 86.00, 110.00, 79.00, 110.00, 117.00, 117.00, 124.00, 110.00
78.00, 115.00, 82.00, 0.00, 112.00, 104.00, 118.00, 89.00, 94.00, 79.00, 115.00, 114.00, 93.00, 111.00, 108.00
97.00, 0.00, 81.00, 117.00, 93.00, 94.00, 78.00, 109.00, 123.00, 117.00, 103.00, 81.00, 102.00, 104.00, 109.00
0.00, 99.00, 0.00, 78.00, 95.00, 75.00, 107.00, 107.00, 96.00, 88.00, 85.00, 105.00, 76.00, 122.00, 85.00
96.00, 90.00, 103.00, 0.00, 83.00, 104.00, 94.00, 108.00, 119.00, 121.00, 81.00, 106.00, 85.00, 97.00, 78.00
75.00, 97.00, 99.00, 0.00, 100.00, 99.00, 101.00, 89.00, 101.00, 88.00, 122.00, 86.00, 124.00, 88.00, 103.00
0.00, 123.00, 115.00, 79.00, 98.00, 104.00, 105.00, 110.00, 84.00, 90.00, 97.00, 114.00, 78.00, 101.00, 115.00
88.00, 117.00, 98.00, 0.00, 91.00, 85.00, 125.00, 108.00, 95.00, 97.00, 88.00, 115.00, 103.00, 114.00, 109.00
0.00, 0.00, 104.00, 92.00, 112.00, 123.00, 103.00, 103.00, 114.00, 121.00, 103.00, 109.00, 121.00, 78.00, 121.00

[PRODKOEF]
1, 1, 1.00
1, 2, 1.00
1, 3, 1.00
1, 4, 1.00
1, 5, 1.00
1, 6, 1.00
1, 7, 1.00
1, 8, 1.00
1, 9, 1.00
1, 10, 1.00
1, 11, 1.00
1, 12, 1.00

[RUESTK]
400.00
200.00
200.00
1000.00
600.00
200.00
1000.00
1000.00
400.00
200.00
600.00
800.00

[RUESTZ]
1, 1, 20.00
1, 2, 40.00
1, 3, 30.00
1, 4, 10.00
1, 5, 40.00
1, 6, 40.00
1, 7, 30.00
1, 8, 40.00
1, 9, 10.00
1, 10, 30.00
1, 11, 10.00
1, 12, 10.00

[UEBER-KS]
10000

[DIREKT-B]

