# test0450
[INDEX]
10, 20, 1

[LAGKOST]
1.20, 0.80, 1.20, 1.00, 1.20, 1.10, 0.90, 0.80, 0.90, 1.10

[L0]
0, 0, 0, 0, 0, 0, 0, 0, 0, 0

[LT]
0, 0, 0, 0, 0, 0, 0, 0, 0, 0

[KAPAZ]
1458, 1458, 1458, 1458, 1458, 1458, 1458, 1458, 1458, 1458, 1458, 1458, 1458, 1458, 1458, 1458, 1458, 1458, 1458, 1458

[P-BEDARF]
0.00, 113.00, 81.00, 93.00, 115.00, 87.00, 109.00, 91.00, 99.00, 107.00, 108.00, 85.00, 82.00, 120.00, 108.00, 87.00, 97.00, 81.00, 87.00, 122.00
0.00, 0.00, 90.00, 0.00, 85.00, 104.00, 95.00, 78.00, 94.00, 82.00, 109.00, 88.00, 82.00, 97.00, 112.00, 89.00, 93.00, 121.00, 109.00, 122.00
87.00, 89.00, 106.00, 0.00, 107.00, 78.00, 79.00, 117.00, 120.00, 100.00, 92.00, 111.00, 103.00, 83.00, 104.00, 104.00, 78.00, 76.00, 103.00, 101.00
116.00, 0.00, 105.00, 0.00, 109.00, 123.00, 102.00, 81.00, 104.00, 97.00, 87.00, 101.00, 111.00, 112.00, 86.00, 100.00, 111.00, 107.00, 121.00, 116.00
0.00, 85.00, 0.00, 94.00, 75.00, 112.00, 83.00, 117.00, 120.00, 110.00, 117.00, 100.00, 111.00, 100.00, 118.00, 122.00, 90.00, 96.00, 90.00, 103.00
0.00, 106.00, 90.00, 0.00, 116.00, 114.00, 119.00, 101.00, 82.00, 100.00, 92.00, 88.00, 79.00, 86.00, 111.00, 119.00, 96.00, 94.00, 94.00, 123.00
106.00, 0.00, 0.00, 78.00, 98.00, 112.00, 94.00, 101.00, 75.00, 99.00, 82.00, 90.00, 77.00, 76.00, 100.00, 110.00, 102.00, 121.00, 89.00, 76.00
106.00, 96.00, 112.00, 0.00, 91.00, 86.00, 75.00, 96.00, 115.00, 120.00, 85.00, 95.00, 99.00, 79.00, 92.00, 88.00, 89.00, 86.00, 90.00, 118.00
0.00, 0.00, 0.00, 0.00, 98.00, 113.00, 105.00, 116.00, 89.00, 114.00, 124.00, 94.00, 84.00, 90.00, 105.00, 118.00, 105.00, 119.00, 91.00, 106.00
97.00, 0.00, 113.00, 96.00, 104.00, 82.00, 90.00, 117.00, 114.00, 80.00, 98.00, 79.00, 98.00, 124.00, 81.00, 86.00, 113.00, 120.00, 82.00, 118.00

[PRODKOEF]
1, 1, 1.00
1, 2, 1.00
1, 3, 1.00
1, 4, 1.00
1, 5, 1.00
1, 6, 1.00
1, 7, 1.00
1, 8, 1.00
1, 9, 1.00
1, 10, 1.00

[RUESTK]
300.00
200.00
200.00
200.00
100.00
300.00
300.00
300.00
250.00
150.00

[RUESTZ]
1, 1, 54.00
1, 2, 21.00
1, 3, 43.00
1, 4, 65.00
1, 5, 32.00
1, 6, 54.00
1, 7, 21.00
1, 8, 21.00
1, 9, 32.00
1, 10, 43.00

[UEBER-KS]
10000

[DIREKT-B]

