# test0580
[INDEX]
10, 20, 1

[LAGKOST]
1.10, 1.00, 0.80, 1.00, 0.90, 0.80, 0.90, 0.80, 1.20, 1.10

[L0]
0, 0, 0, 0, 0, 0, 0, 0, 0, 0

[LT]
0, 0, 0, 0, 0, 0, 0, 0, 0, 0

[KAPAZ]
1049, 1049, 1049, 1049, 1049, 1049, 1049, 1049, 1049, 1049, 1049, 1049, 1049, 1049, 1049, 1049, 1049, 1049, 1049, 1049

[P-BEDARF]
0.00, 0.00, 130.00, 0.00, 31.00, 104.00, 75.00, 125.00, 182.00, 24.00, 194.00, 168.00, 185.00, 133.00, 39.00, 195.00, 102.00, 57.00, 37.00, 6.00
0.00, 0.00, 0.00, 0.00, 77.00, 51.00, 46.00, 23.00, 31.00, 97.00, 165.00, 31.00, 169.00, 94.00, 65.00, 145.00, 44.00, 110.00, 179.00, 162.00
0.00, 1.00, 0.00, 0.00, 141.00, 20.00, 9.00, 199.00, 119.00, 113.00, 153.00, 23.00, 41.00, 116.00, 34.00, 133.00, 95.00, 89.00, 50.00, 36.00
0.00, 197.00, 0.00, 197.00, 98.00, 64.00, 39.00, 87.00, 168.00, 93.00, 102.00, 63.00, 79.00, 130.00, 17.00, 142.00, 127.00, 162.00, 150.00, 99.00
0.00, 70.00, 0.00, 36.00, 180.00, 0.00, 151.00, 186.00, 31.00, 58.00, 12.00, 165.00, 64.00, 44.00, 0.00, 183.00, 85.00, 119.00, 178.00, 15.00
0.00, 0.00, 10.00, 140.00, 157.00, 21.00, 80.00, 68.00, 130.00, 54.00, 108.00, 139.00, 90.00, 84.00, 44.00, 142.00, 13.00, 141.00, 149.00, 46.00
0.00, 99.00, 0.00, 0.00, 110.00, 124.00, 108.00, 178.00, 32.00, 194.00, 82.00, 129.00, 120.00, 66.00, 56.00, 103.00, 144.00, 181.00, 86.00, 137.00
110.00, 0.00, 0.00, 0.00, 131.00, 89.00, 189.00, 66.00, 11.00, 181.00, 37.00, 162.00, 183.00, 68.00, 144.00, 4.00, 66.00, 36.00, 55.00, 137.00
0.00, 0.00, 168.00, 97.00, 90.00, 158.00, 128.00, 61.00, 180.00, 142.00, 9.00, 124.00, 105.00, 176.00, 80.00, 145.00, 186.00, 160.00, 181.00, 29.00
0.00, 159.00, 173.00, 0.00, 13.00, 102.00, 88.00, 169.00, 86.00, 120.00, 119.00, 166.00, 4.00, 156.00, 164.00, 162.00, 26.00, 152.00, 103.00, 41.00

[PRODKOEF]
1, 1, 1.00
1, 2, 1.00
1, 3, 1.00
1, 4, 1.00
1, 5, 1.00
1, 6, 1.00
1, 7, 1.00
1, 8, 1.00
1, 9, 1.00
1, 10, 1.00

[RUESTK]
400.00
600.00
600.00
400.00
1200.00
800.00
1000.00
400.00
800.00
800.00

[RUESTZ]
1, 1, 21.00
1, 2, 54.00
1, 3, 65.00
1, 4, 32.00
1, 5, 21.00
1, 6, 43.00
1, 7, 65.00
1, 8, 54.00
1, 9, 54.00
1, 10, 32.00

[UEBER-KS]
10000

[DIREKT-B]

