# test0940
[INDEX]
30, 20, 1

[LAGKOST]
1.00, 0.80, 0.90, 0.80, 1.00, 1.00, 0.80, 0.80, 0.80, 1.20, 0.90, 0.90, 1.10, 1.20, 0.90, 1.00, 0.80, 0.90, 1.00, 0.90, 1.10, 1.00, 1.00, 1.10, 1.10, 1.20, 1.00, 0.80, 0.80, 1.00

[L0]
0, 0, 0, 0, 0, 0, 0, 0, 0, 0, 0, 0, 0, 0, 0, 0, 0, 0, 0, 0, 0, 0, 0, 0, 0, 0, 0, 0, 0, 0

[LT]
0, 0, 0, 0, 0, 0, 0, 0, 0, 0, 0, 0, 0, 0, 0, 0, 0, 0, 0, 0, 0, 0, 0, 0, 0, 0, 0, 0, 0, 0

[KAPAZ]
3147, 3147, 3147, 3147, 3147, 3147, 3147, 3147, 3147, 3147, 3147, 3147, 3147, 3147, 3147, 3147, 3147, 3147, 3147, 3147

[P-BEDARF]
0.00, 179.00, 0.00, 0.00, 4.00, 110.00, 12.00, 0.00, 81.00, 18.00, 153.00, 118.00, 184.00, 85.00, 92.00, 174.00, 139.00, 130.00, 90.00, 24.00
72.00, 0.00, 0.00, 0.00, 10.00, 67.00, 166.00, 29.00, 173.00, 186.00, 8.00, 60.00, 33.00, 129.00, 182.00, 110.00, 149.00, 78.00, 26.00, 75.00
0.00, 0.00, 0.00, 124.00, 20.00, 142.00, 198.00, 176.00, 46.00, 56.00, 96.00, 173.00, 113.00, 72.00, 10.00, 198.00, 181.00, 50.00, 79.00, 0.00
140.00, 0.00, 0.00, 0.00, 26.00, 79.00, 146.00, 102.00, 78.00, 39.00, 54.00, 9.00, 127.00, 122.00, 90.00, 161.00, 72.00, 11.00, 198.00, 136.00
176.00, 0.00, 60.00, 159.00, 179.00, 69.00, 16.00, 41.00, 9.00, 127.00, 0.00, 152.00, 49.00, 35.00, 5.00, 98.00, 139.00, 17.00, 191.00, 141.00
115.00, 117.00, 0.00, 189.00, 147.00, 189.00, 97.00, 175.00, 68.00, 143.00, 116.00, 152.00, 39.00, 89.00, 55.00, 26.00, 20.00, 199.00, 67.00, 156.00
0.00, 0.00, 0.00, 0.00, 160.00, 18.00, 189.00, 196.00, 91.00, 30.00, 34.00, 197.00, 187.00, 177.00, 87.00, 124.00, 180.00, 141.00, 133.00, 3.00
119.00, 0.00, 162.00, 47.00, 78.00, 187.00, 107.00, 162.00, 190.00, 7.00, 137.00, 142.00, 75.00, 102.00, 179.00, 42.00, 5.00, 78.00, 124.00, 43.00
123.00, 0.00, 0.00, 78.00, 128.00, 68.00, 170.00, 120.00, 165.00, 175.00, 43.00, 4.00, 14.00, 135.00, 128.00, 121.00, 182.00, 175.00, 89.00, 30.00
0.00, 0.00, 0.00, 7.00, 113.00, 69.00, 130.00, 141.00, 179.00, 93.00, 128.00, 59.00, 15.00, 76.00, 160.00, 85.00, 151.00, 172.00, 153.00, 189.00
0.00, 0.00, 79.00, 0.00, 163.00, 170.00, 41.00, 76.00, 46.00, 0.00, 115.00, 111.00, 166.00, 3.00, 118.00, 58.00, 64.00, 35.00, 75.00, 169.00
0.00, 0.00, 83.00, 0.00, 46.00, 15.00, 168.00, 155.00, 29.00, 99.00, 171.00, 77.00, 172.00, 142.00, 49.00, 11.00, 48.00, 117.00, 163.00, 12.00
0.00, 60.00, 0.00, 0.00, 152.00, 118.00, 152.00, 185.00, 160.00, 141.00, 174.00, 190.00, 0.00, 155.00, 109.00, 137.00, 114.00, 130.00, 37.00, 3.00
122.00, 196.00, 0.00, 26.00, 22.00, 106.00, 172.00, 150.00, 13.00, 132.00, 176.00, 169.00, 110.00, 188.00, 154.00, 53.00, 190.00, 136.00, 97.00, 111.00
0.00, 0.00, 179.00, 0.00, 187.00, 102.00, 106.00, 36.00, 176.00, 169.00, 160.00, 2.00, 5.00, 170.00, 128.00, 95.00, 86.00, 169.00, 197.00, 182.00
0.00, 0.00, 172.00, 0.00, 32.00, 58.00, 90.00, 95.00, 52.00, 138.00, 160.00, 147.00, 107.00, 121.00, 149.00, 41.00, 49.00, 12.00, 156.00, 163.00
0.00, 166.00, 0.00, 50.00, 88.00, 186.00, 1.00, 194.00, 89.00, 185.00, 79.00, 187.00, 136.00, 92.00, 59.00, 132.00, 148.00, 101.00, 182.00, 32.00
109.00, 0.00, 0.00, 142.00, 190.00, 98.00, 130.00, 50.00, 24.00, 182.00, 139.00, 121.00, 48.00, 196.00, 132.00, 151.00, 167.00, 46.00, 27.00, 65.00
0.00, 0.00, 0.00, 130.00, 84.00, 44.00, 107.00, 48.00, 170.00, 115.00, 166.00, 63.00, 162.00, 185.00, 193.00, 38.00, 112.00, 12.00, 198.00, 101.00
0.00, 64.00, 90.00, 0.00, 37.00, 25.00, 111.00, 34.00, 118.00, 166.00, 72.00, 166.00, 61.00, 51.00, 70.00, 95.00, 60.00, 62.00, 40.00, 174.00
0.00, 151.00, 0.00, 0.00, 186.00, 151.00, 3.00, 169.00, 174.00, 150.00, 145.00, 144.00, 144.00, 111.00, 38.00, 181.00, 117.00, 60.00, 155.00, 97.00
0.00, 0.00, 136.00, 168.00, 89.00, 3.00, 85.00, 23.00, 173.00, 77.00, 160.00, 146.00, 45.00, 155.00, 97.00, 80.00, 105.00, 197.00, 92.00, 125.00
0.00, 0.00, 0.00, 0.00, 194.00, 84.00, 40.00, 170.00, 41.00, 98.00, 88.00, 123.00, 88.00, 117.00, 194.00, 83.00, 96.00, 144.00, 140.00, 157.00
0.00, 0.00, 0.00, 27.00, 199.00, 28.00, 105.00, 128.00, 50.00, 64.00, 182.00, 77.00, 77.00, 77.00, 137.00, 56.00, 39.00, 15.00, 79.00, 24.00
0.00, 0.00, 105.00, 0.00, 37.00, 42.00, 14.00, 29.00, 126.00, 49.00, 143.00, 100.00, 62.00, 150.00, 194.00, 12.00, 12.00, 7.00, 82.00, 166.00
0.00, 0.00, 0.00, 0.00, 131.00, 198.00, 195.00, 112.00, 42.00, 114.00, 16.00, 74.00, 96.00, 42.00, 141.00, 168.00, 116.00, 107.00, 161.00, 91.00
19.00, 0.00, 0.00, 62.00, 179.00, 102.00, 144.00, 155.00, 109.00, 180.00, 123.00, 54.00, 168.00, 128.00, 118.00, 13.00, 130.00, 123.00, 70.00, 52.00
0.00, 186.00, 0.00, 53.00, 106.00, 79.00, 25.00, 111.00, 16.00, 34.00, 131.00, 65.00, 104.00, 123.00, 90.00, 113.00, 41.00, 168.00, 173.00, 29.00
0.00, 8.00, 135.00, 0.00, 136.00, 167.00, 174.00, 48.00, 75.00, 52.00, 196.00, 107.00, 10.00, 18.00, 109.00, 101.00, 170.00, 2.00, 25.00, 108.00
0.00, 0.00, 144.00, 1.00, 151.00, 121.00, 129.00, 52.00, 70.00, 4.00, 198.00, 197.00, 178.00, 83.00, 126.00, 108.00, 165.00, 52.00, 155.00, 133.00

[PRODKOEF]
1, 1, 1.00
1, 2, 1.00
1, 3, 1.00
1, 4, 1.00
1, 5, 1.00
1, 6, 1.00
1, 7, 1.00
1, 8, 1.00
1, 9, 1.00
1, 10, 1.00
1, 11, 1.00
1, 12, 1.00
1, 13, 1.00
1, 14, 1.00
1, 15, 1.00
1, 16, 1.00
1, 17, 1.00
1, 18, 1.00
1, 19, 1.00
1, 20, 1.00
1, 21, 1.00
1, 22, 1.00
1, 23, 1.00
1, 24, 1.00
1, 25, 1.00
1, 26, 1.00
1, 27, 1.00
1, 28, 1.00
1, 29, 1.00
1, 30, 1.00

[RUESTK]
600.00
1000.00
800.00
1200.00
600.00
1200.00
800.00
1000.00
1200.00
600.00
600.00
600.00
600.00
600.00
1000.00
800.00
400.00
800.00
600.00
800.00
400.00
400.00
400.00
400.00
600.00
1000.00
800.00
400.00
800.00
800.00

[RUESTZ]
1, 1, 32.00
1, 2, 65.00
1, 3, 21.00
1, 4, 54.00
1, 5, 65.00
1, 6, 32.00
1, 7, 54.00
1, 8, 21.00
1, 9, 21.00
1, 10, 32.00
1, 11, 32.00
1, 12, 43.00
1, 13, 21.00
1, 14, 43.00
1, 15, 65.00
1, 16, 54.00
1, 17, 65.00
1, 18, 21.00
1, 19, 32.00
1, 20, 43.00
1, 21, 54.00
1, 22, 54.00
1, 23, 43.00
1, 24, 32.00
1, 25, 43.00
1, 26, 54.00
1, 27, 43.00
1, 28, 21.00
1, 29, 65.00
1, 30, 32.00

[UEBER-KS]
10000

[DIREKT-B]

