# test0353
[INDEX]
12, 15, 1

[LAGKOST]
3.00, 1.00, 1.00, 3.00, 2.00, 2.00, 3.00, 1.00, 3.00, 4.00, 1.00, 2.00

[L0]
0, 0, 0, 0, 0, 0, 0, 0, 0, 0, 0, 0

[LT]
0, 0, 0, 0, 0, 0, 0, 0, 0, 0, 0, 0

[KAPAZ]
1456, 1456, 1456, 1456, 1456, 1456, 1456, 1456, 1456, 1456, 1456, 1456, 1456, 1456, 1456

[P-BEDARF]
0.00, 95.00, 110.00, 96.00, 86.00, 124.00, 83.00, 108.00, 114.00, 121.00, 110.00, 124.00, 104.00, 86.00, 87.00
98.00, 96.00, 96.00, 98.00, 103.00, 104.00, 122.00, 101.00, 89.00, 108.00, 101.00, 109.00, 106.00, 108.00, 76.00
106.00, 0.00, 89.00, 123.00, 96.00, 105.00, 83.00, 82.00, 112.00, 109.00, 119.00, 85.00, 99.00, 80.00, 123.00
98.00, 121.00, 0.00, 105.00, 98.00, 96.00, 101.00, 81.00, 117.00, 76.00, 103.00, 81.00, 95.00, 105.00, 102.00
0.00, 124.00, 113.00, 123.00, 123.00, 79.00, 111.00, 98.00, 97.00, 80.00, 98.00, 124.00, 78.00, 108.00, 109.00
103.00, 102.00, 0.00, 95.00, 107.00, 105.00, 107.00, 105.00, 75.00, 93.00, 115.00, 113.00, 111.00, 105.00, 85.00
110.00, 93.00, 0.00, 112.00, 84.00, 124.00, 98.00, 101.00, 83.00, 87.00, 105.00, 118.00, 115.00, 106.00, 78.00
85.00, 92.00, 101.00, 110.00, 93.00, 96.00, 120.00, 109.00, 121.00, 87.00, 92.00, 85.00, 91.00, 93.00, 109.00
122.00, 116.00, 109.00, 0.00, 105.00, 108.00, 88.00, 98.00, 77.00, 90.00, 110.00, 102.00, 107.00, 99.00, 96.00
120.00, 124.00, 94.00, 105.00, 92.00, 86.00, 101.00, 106.00, 75.00, 109.00, 83.00, 95.00, 79.00, 108.00, 100.00
117.00, 96.00, 78.00, 0.00, 108.00, 87.00, 114.00, 107.00, 110.00, 94.00, 104.00, 101.00, 108.00, 110.00, 80.00
125.00, 112.00, 75.00, 0.00, 116.00, 103.00, 122.00, 88.00, 85.00, 84.00, 76.00, 102.00, 84.00, 88.00, 82.00

[PRODKOEF]
1, 1, 1.00
1, 2, 1.00
1, 3, 1.00
1, 4, 1.00
1, 5, 1.00
1, 6, 1.00
1, 7, 1.00
1, 8, 1.00
1, 9, 1.00
1, 10, 1.00
1, 11, 1.00
1, 12, 1.00

[RUESTK]
600.00
1000.00
800.00
400.00
800.00
400.00
800.00
600.00
800.00
800.00
800.00
200.00

[RUESTZ]
1, 1, 30.00
1, 2, 20.00
1, 3, 30.00
1, 4, 40.00
1, 5, 40.00
1, 6, 10.00
1, 7, 30.00
1, 8, 20.00
1, 9, 10.00
1, 10, 50.00
1, 11, 30.00
1, 12, 20.00

[UEBER-KS]
10000

[DIREKT-B]

