# test0761
[INDEX]
30, 20, 1

[LAGKOST]
1.00, 1.00, 0.80, 1.00, 1.10, 1.20, 0.80, 0.90, 0.80, 1.00, 1.10, 0.90, 1.10, 1.20, 0.80, 1.00, 1.00, 0.80, 0.80, 1.00, 1.20, 0.80, 0.90, 0.90, 0.90, 0.90, 1.10, 1.00, 1.00, 0.80

[L0]
0, 0, 0, 0, 0, 0, 0, 0, 0, 0, 0, 0, 0, 0, 0, 0, 0, 0, 0, 0, 0, 0, 0, 0, 0, 0, 0, 0, 0, 0

[LT]
0, 0, 0, 0, 0, 0, 0, 0, 0, 0, 0, 0, 0, 0, 0, 0, 0, 0, 0, 0, 0, 0, 0, 0, 0, 0, 0, 0, 0, 0

[KAPAZ]
3996, 3996, 3996, 3996, 3996, 3996, 3996, 3996, 3996, 3996, 3996, 3996, 3996, 3996, 3996, 3996, 3996, 3996, 3996, 3996

[P-BEDARF]
0.00, 96.00, 117.00, 0.00, 101.00, 112.00, 117.00, 96.00, 86.00, 120.00, 92.00, 78.00, 89.00, 83.00, 100.00, 89.00, 87.00, 104.00, 109.00, 98.00
102.00, 0.00, 124.00, 0.00, 94.00, 117.00, 79.00, 92.00, 110.00, 93.00, 94.00, 119.00, 106.00, 94.00, 76.00, 92.00, 97.00, 83.00, 112.00, 98.00
0.00, 76.00, 103.00, 82.00, 88.00, 80.00, 107.00, 106.00, 122.00, 83.00, 102.00, 83.00, 121.00, 108.00, 119.00, 93.00, 81.00, 108.00, 123.00, 106.00
0.00, 0.00, 0.00, 100.00, 80.00, 112.00, 111.00, 93.00, 119.00, 87.00, 80.00, 118.00, 92.00, 89.00, 108.00, 121.00, 100.00, 80.00, 88.00, 95.00
0.00, 89.00, 92.00, 93.00, 89.00, 81.00, 79.00, 113.00, 84.00, 76.00, 100.00, 87.00, 101.00, 109.00, 98.00, 119.00, 103.00, 109.00, 87.00, 104.00
117.00, 0.00, 87.00, 110.00, 111.00, 108.00, 78.00, 94.00, 75.00, 122.00, 118.00, 122.00, 114.00, 81.00, 103.00, 93.00, 90.00, 112.00, 82.00, 106.00
0.00, 0.00, 0.00, 0.00, 97.00, 99.00, 103.00, 95.00, 91.00, 75.00, 120.00, 124.00, 114.00, 86.00, 109.00, 120.00, 106.00, 77.00, 106.00, 102.00
99.00, 0.00, 108.00, 82.00, 75.00, 108.00, 105.00, 117.00, 115.00, 119.00, 99.00, 88.00, 122.00, 80.00, 123.00, 111.00, 109.00, 106.00, 78.00, 89.00
0.00, 87.00, 100.00, 0.00, 79.00, 121.00, 77.00, 83.00, 100.00, 113.00, 113.00, 109.00, 112.00, 107.00, 107.00, 112.00, 78.00, 124.00, 85.00, 104.00
95.00, 91.00, 92.00, 0.00, 102.00, 107.00, 85.00, 104.00, 89.00, 105.00, 80.00, 95.00, 102.00, 102.00, 90.00, 108.00, 114.00, 86.00, 105.00, 105.00
105.00, 104.00, 103.00, 86.00, 81.00, 103.00, 120.00, 109.00, 93.00, 102.00, 93.00, 103.00, 120.00, 82.00, 120.00, 77.00, 107.00, 123.00, 94.00, 121.00
0.00, 109.00, 0.00, 0.00, 82.00, 84.00, 76.00, 93.00, 96.00, 122.00, 78.00, 81.00, 90.00, 92.00, 89.00, 111.00, 86.00, 85.00, 77.00, 106.00
0.00, 94.00, 95.00, 87.00, 112.00, 120.00, 92.00, 93.00, 104.00, 103.00, 85.00, 100.00, 99.00, 102.00, 90.00, 100.00, 100.00, 75.00, 93.00, 123.00
80.00, 0.00, 118.00, 118.00, 114.00, 88.00, 108.00, 88.00, 101.00, 97.00, 106.00, 108.00, 77.00, 96.00, 90.00, 118.00, 109.00, 83.00, 104.00, 77.00
0.00, 0.00, 0.00, 0.00, 91.00, 111.00, 107.00, 117.00, 75.00, 86.00, 101.00, 113.00, 99.00, 83.00, 78.00, 98.00, 102.00, 123.00, 102.00, 105.00
108.00, 102.00, 0.00, 0.00, 100.00, 109.00, 124.00, 82.00, 77.00, 124.00, 90.00, 113.00, 93.00, 118.00, 110.00, 98.00, 112.00, 120.00, 103.00, 119.00
107.00, 114.00, 0.00, 89.00, 115.00, 91.00, 81.00, 101.00, 91.00, 93.00, 113.00, 122.00, 115.00, 87.00, 82.00, 107.00, 101.00, 84.00, 100.00, 114.00
0.00, 86.00, 120.00, 0.00, 106.00, 110.00, 92.00, 107.00, 97.00, 84.00, 99.00, 97.00, 107.00, 120.00, 106.00, 124.00, 114.00, 114.00, 103.00, 106.00
102.00, 123.00, 121.00, 0.00, 96.00, 76.00, 111.00, 77.00, 100.00, 90.00, 99.00, 116.00, 75.00, 117.00, 79.00, 106.00, 120.00, 104.00, 94.00, 79.00
0.00, 0.00, 89.00, 0.00, 80.00, 88.00, 93.00, 96.00, 120.00, 83.00, 99.00, 108.00, 83.00, 114.00, 93.00, 77.00, 80.00, 119.00, 88.00, 91.00
0.00, 99.00, 0.00, 0.00, 123.00, 96.00, 75.00, 117.00, 85.00, 90.00, 102.00, 122.00, 124.00, 99.00, 87.00, 79.00, 116.00, 119.00, 114.00, 80.00
0.00, 0.00, 102.00, 86.00, 90.00, 118.00, 115.00, 98.00, 96.00, 88.00, 114.00, 110.00, 120.00, 89.00, 109.00, 78.00, 99.00, 114.00, 119.00, 113.00
0.00, 0.00, 119.00, 0.00, 77.00, 82.00, 95.00, 86.00, 104.00, 115.00, 87.00, 118.00, 75.00, 80.00, 105.00, 104.00, 99.00, 78.00, 120.00, 86.00
95.00, 82.00, 111.00, 76.00, 100.00, 88.00, 107.00, 93.00, 97.00, 77.00, 103.00, 93.00, 113.00, 76.00, 107.00, 106.00, 100.00, 78.00, 92.00, 105.00
119.00, 0.00, 0.00, 0.00, 94.00, 92.00, 101.00, 122.00, 78.00, 89.00, 119.00, 104.00, 81.00, 84.00, 121.00, 80.00, 107.00, 111.00, 81.00, 91.00
0.00, 0.00, 81.00, 0.00, 89.00, 98.00, 81.00, 96.00, 105.00, 87.00, 81.00, 121.00, 99.00, 115.00, 89.00, 96.00, 85.00, 92.00, 85.00, 120.00
90.00, 122.00, 96.00, 114.00, 115.00, 121.00, 88.00, 112.00, 108.00, 121.00, 78.00, 85.00, 100.00, 118.00, 113.00, 89.00, 94.00, 101.00, 79.00, 76.00
0.00, 0.00, 80.00, 83.00, 118.00, 76.00, 95.00, 119.00, 103.00, 118.00, 88.00, 116.00, 108.00, 108.00, 109.00, 100.00, 84.00, 88.00, 107.00, 117.00
103.00, 82.00, 101.00, 124.00, 88.00, 87.00, 114.00, 87.00, 106.00, 111.00, 80.00, 106.00, 117.00, 80.00, 96.00, 89.00, 89.00, 81.00, 108.00, 96.00
89.00, 122.00, 0.00, 124.00, 103.00, 83.00, 92.00, 115.00, 84.00, 77.00, 83.00, 112.00, 83.00, 106.00, 87.00, 118.00, 121.00, 91.00, 115.00, 98.00

[PRODKOEF]
1, 1, 1.00
1, 2, 1.00
1, 3, 1.00
1, 4, 1.00
1, 5, 1.00
1, 6, 1.00
1, 7, 1.00
1, 8, 1.00
1, 9, 1.00
1, 10, 1.00
1, 11, 1.00
1, 12, 1.00
1, 13, 1.00
1, 14, 1.00
1, 15, 1.00
1, 16, 1.00
1, 17, 1.00
1, 18, 1.00
1, 19, 1.00
1, 20, 1.00
1, 21, 1.00
1, 22, 1.00
1, 23, 1.00
1, 24, 1.00
1, 25, 1.00
1, 26, 1.00
1, 27, 1.00
1, 28, 1.00
1, 29, 1.00
1, 30, 1.00

[RUESTK]
50.00
50.00
25.00
62.00
75.00
62.00
37.00
25.00
25.00
62.00
50.00
25.00
62.00
62.00
75.00
75.00
75.00
25.00
37.00
75.00
50.00
75.00
75.00
25.00
50.00
62.00
25.00
25.00
50.00
50.00

[RUESTZ]
1, 1, 11.00
1, 2, 14.00
1, 3, 14.00
1, 4, 14.00
1, 5, 5.00
1, 6, 11.00
1, 7, 17.00
1, 8, 17.00
1, 9, 14.00
1, 10, 14.00
1, 11, 5.00
1, 12, 17.00
1, 13, 17.00
1, 14, 5.00
1, 15, 17.00
1, 16, 11.00
1, 17, 17.00
1, 18, 14.00
1, 19, 8.00
1, 20, 8.00
1, 21, 11.00
1, 22, 14.00
1, 23, 11.00
1, 24, 5.00
1, 25, 14.00
1, 26, 5.00
1, 27, 11.00
1, 28, 5.00
1, 29, 17.00
1, 30, 5.00

[UEBER-KS]
10000

[DIREKT-B]

