# test0359
[INDEX]
24, 15, 1

[LAGKOST]
3.00, 2.00, 4.00, 1.00, 5.00, 3.00, 4.00, 5.00, 4.00, 2.00, 3.00, 2.00, 3.00, 4.00, 1.00, 3.00, 5.00, 4.00, 2.00, 4.00, 1.00, 5.00, 1.00, 5.00

[L0]
0, 0, 0, 0, 0, 0, 0, 0, 0, 0, 0, 0, 0, 0, 0, 0, 0, 0, 0, 0, 0, 0, 0, 0

[LT]
0, 0, 0, 0, 0, 0, 0, 0, 0, 0, 0, 0, 0, 0, 0, 0, 0, 0, 0, 0, 0, 0, 0, 0

[KAPAZ]
2912, 2912, 2912, 2912, 2912, 2912, 2912, 2912, 2912, 2912, 2912, 2912, 2912, 2912, 2912

[P-BEDARF]
87.00, 122.00, 83.00, 106.00, 78.00, 103.00, 100.00, 119.00, 88.00, 84.00, 121.00, 78.00, 88.00, 107.00, 114.00
0.00, 76.00, 107.00, 0.00, 108.00, 102.00, 84.00, 106.00, 103.00, 102.00, 100.00, 80.00, 91.00, 106.00, 106.00
92.00, 109.00, 95.00, 83.00, 98.00, 85.00, 105.00, 118.00, 77.00, 108.00, 109.00, 77.00, 107.00, 119.00, 109.00
94.00, 0.00, 107.00, 115.00, 115.00, 90.00, 78.00, 103.00, 79.00, 81.00, 106.00, 91.00, 123.00, 112.00, 96.00
83.00, 114.00, 87.00, 0.00, 108.00, 78.00, 121.00, 111.00, 83.00, 119.00, 103.00, 102.00, 75.00, 103.00, 97.00
104.00, 96.00, 108.00, 119.00, 109.00, 112.00, 80.00, 86.00, 89.00, 82.00, 118.00, 97.00, 96.00, 107.00, 115.00
79.00, 0.00, 120.00, 84.00, 83.00, 114.00, 88.00, 119.00, 86.00, 122.00, 79.00, 112.00, 97.00, 116.00, 123.00
85.00, 0.00, 98.00, 0.00, 117.00, 80.00, 108.00, 92.00, 120.00, 93.00, 111.00, 95.00, 121.00, 86.00, 99.00
101.00, 115.00, 0.00, 112.00, 104.00, 102.00, 103.00, 80.00, 97.00, 103.00, 107.00, 115.00, 106.00, 122.00, 90.00
94.00, 120.00, 88.00, 94.00, 124.00, 93.00, 97.00, 101.00, 97.00, 87.00, 92.00, 83.00, 95.00, 106.00, 97.00
0.00, 79.00, 102.00, 107.00, 107.00, 91.00, 102.00, 83.00, 112.00, 92.00, 86.00, 111.00, 118.00, 92.00, 76.00
81.00, 98.00, 118.00, 98.00, 124.00, 113.00, 90.00, 94.00, 97.00, 118.00, 90.00, 117.00, 102.00, 97.00, 82.00
96.00, 123.00, 93.00, 76.00, 79.00, 104.00, 77.00, 110.00, 78.00, 80.00, 117.00, 102.00, 94.00, 100.00, 108.00
99.00, 0.00, 98.00, 0.00, 108.00, 106.00, 99.00, 119.00, 92.00, 114.00, 91.00, 113.00, 102.00, 80.00, 114.00
78.00, 100.00, 100.00, 108.00, 90.00, 105.00, 100.00, 121.00, 100.00, 118.00, 96.00, 107.00, 113.00, 79.00, 113.00
76.00, 113.00, 120.00, 0.00, 112.00, 122.00, 109.00, 109.00, 117.00, 80.00, 109.00, 122.00, 106.00, 107.00, 97.00
106.00, 79.00, 121.00, 107.00, 113.00, 89.00, 104.00, 113.00, 106.00, 120.00, 91.00, 121.00, 121.00, 81.00, 117.00
102.00, 110.00, 0.00, 95.00, 122.00, 84.00, 87.00, 97.00, 78.00, 98.00, 114.00, 79.00, 76.00, 78.00, 80.00
102.00, 97.00, 112.00, 105.00, 119.00, 108.00, 88.00, 110.00, 116.00, 110.00, 112.00, 80.00, 115.00, 86.00, 77.00
0.00, 0.00, 0.00, 76.00, 114.00, 88.00, 94.00, 90.00, 97.00, 80.00, 95.00, 121.00, 110.00, 115.00, 93.00
121.00, 98.00, 122.00, 0.00, 114.00, 105.00, 75.00, 97.00, 87.00, 85.00, 113.00, 107.00, 123.00, 120.00, 116.00
0.00, 84.00, 116.00, 104.00, 111.00, 91.00, 106.00, 76.00, 98.00, 92.00, 75.00, 104.00, 97.00, 82.00, 113.00
96.00, 120.00, 0.00, 92.00, 90.00, 99.00, 109.00, 79.00, 100.00, 85.00, 81.00, 110.00, 76.00, 112.00, 85.00
123.00, 110.00, 0.00, 118.00, 85.00, 124.00, 101.00, 92.00, 122.00, 81.00, 110.00, 121.00, 82.00, 87.00, 90.00

[PRODKOEF]
1, 1, 1.00
1, 2, 1.00
1, 3, 1.00
1, 4, 1.00
1, 5, 1.00
1, 6, 1.00
1, 7, 1.00
1, 8, 1.00
1, 9, 1.00
1, 10, 1.00
1, 11, 1.00
1, 12, 1.00
1, 13, 1.00
1, 14, 1.00
1, 15, 1.00
1, 16, 1.00
1, 17, 1.00
1, 18, 1.00
1, 19, 1.00
1, 20, 1.00
1, 21, 1.00
1, 22, 1.00
1, 23, 1.00
1, 24, 1.00

[RUESTK]
600.00
1000.00
800.00
200.00
600.00
1000.00
800.00
200.00
600.00
200.00
600.00
1000.00
400.00
1000.00
200.00
1000.00
600.00
600.00
400.00
1000.00
1000.00
1000.00
1000.00
800.00

[RUESTZ]
1, 1, 30.00
1, 2, 40.00
1, 3, 10.00
1, 4, 10.00
1, 5, 40.00
1, 6, 50.00
1, 7, 40.00
1, 8, 20.00
1, 9, 30.00
1, 10, 50.00
1, 11, 20.00
1, 12, 30.00
1, 13, 30.00
1, 14, 50.00
1, 15, 50.00
1, 16, 30.00
1, 17, 50.00
1, 18, 10.00
1, 19, 50.00
1, 20, 20.00
1, 21, 40.00
1, 22, 20.00
1, 23, 10.00
1, 24, 40.00

[UEBER-KS]
10000

[DIREKT-B]

