# test0909
[INDEX]
30, 20, 1

[LAGKOST]
0.80, 0.90, 0.90, 1.10, 1.10, 1.20, 1.10, 1.20, 0.80, 0.90, 0.90, 0.90, 1.00, 0.90, 1.20, 0.80, 0.80, 1.10, 1.20, 0.90, 0.80, 1.20, 0.90, 0.90, 0.90, 1.10, 0.80, 0.80, 1.00, 0.90

[L0]
0, 0, 0, 0, 0, 0, 0, 0, 0, 0, 0, 0, 0, 0, 0, 0, 0, 0, 0, 0, 0, 0, 0, 0, 0, 0, 0, 0, 0, 0

[LT]
0, 0, 0, 0, 0, 0, 0, 0, 0, 0, 0, 0, 0, 0, 0, 0, 0, 0, 0, 0, 0, 0, 0, 0, 0, 0, 0, 0, 0, 0

[KAPAZ]
3453, 3453, 3453, 3453, 3453, 3453, 3453, 3453, 3453, 3453, 3453, 3453, 3453, 3453, 3453, 3453, 3453, 3453, 3453, 3453

[P-BEDARF]
0.00, 63.00, 125.00, 1.00, 100.00, 0.00, 182.00, 29.00, 91.00, 113.00, 1.00, 22.00, 40.00, 31.00, 175.00, 43.00, 12.00, 155.00, 4.00, 143.00
92.00, 0.00, 0.00, 2.00, 98.00, 115.00, 106.00, 139.00, 113.00, 185.00, 60.00, 173.00, 1.00, 94.00, 176.00, 77.00, 169.00, 91.00, 99.00, 47.00
47.00, 148.00, 0.00, 0.00, 86.00, 28.00, 117.00, 106.00, 138.00, 71.00, 152.00, 151.00, 44.00, 39.00, 155.00, 41.00, 15.00, 132.00, 105.00, 10.00
0.00, 13.00, 0.00, 0.00, 33.00, 103.00, 45.00, 34.00, 114.00, 96.00, 90.00, 132.00, 51.00, 29.00, 132.00, 165.00, 121.00, 144.00, 133.00, 38.00
0.00, 0.00, 0.00, 0.00, 51.00, 110.00, 194.00, 112.00, 187.00, 197.00, 57.00, 189.00, 107.00, 18.00, 159.00, 133.00, 133.00, 2.00, 46.00, 129.00
178.00, 194.00, 172.00, 192.00, 11.00, 31.00, 60.00, 108.00, 176.00, 63.00, 163.00, 50.00, 128.00, 46.00, 187.00, 97.00, 121.00, 24.00, 177.00, 170.00
0.00, 123.00, 0.00, 74.00, 5.00, 158.00, 103.00, 150.00, 63.00, 96.00, 183.00, 183.00, 2.00, 110.00, 35.00, 131.00, 169.00, 131.00, 153.00, 64.00
0.00, 0.00, 131.00, 163.00, 127.00, 187.00, 24.00, 111.00, 53.00, 158.00, 86.00, 149.00, 147.00, 186.00, 103.00, 91.00, 18.00, 97.00, 16.00, 109.00
0.00, 0.00, 184.00, 0.00, 51.00, 143.00, 68.00, 185.00, 151.00, 149.00, 196.00, 148.00, 192.00, 98.00, 52.00, 20.00, 143.00, 150.00, 144.00, 20.00
0.00, 77.00, 0.00, 153.00, 157.00, 85.00, 155.00, 186.00, 150.00, 32.00, 137.00, 93.00, 152.00, 43.00, 138.00, 133.00, 21.00, 1.00, 48.00, 102.00
0.00, 180.00, 0.00, 184.00, 198.00, 93.00, 43.00, 135.00, 95.00, 78.00, 78.00, 2.00, 94.00, 121.00, 91.00, 153.00, 151.00, 76.00, 7.00, 184.00
0.00, 108.00, 0.00, 0.00, 12.00, 174.00, 191.00, 144.00, 92.00, 134.00, 103.00, 12.00, 171.00, 79.00, 162.00, 141.00, 37.00, 8.00, 7.00, 143.00
41.00, 46.00, 0.00, 116.00, 85.00, 54.00, 62.00, 80.00, 93.00, 54.00, 179.00, 54.00, 37.00, 22.00, 109.00, 26.00, 90.00, 80.00, 180.00, 7.00
0.00, 0.00, 0.00, 0.00, 155.00, 121.00, 136.00, 58.00, 19.00, 17.00, 8.00, 19.00, 35.00, 139.00, 185.00, 94.00, 160.00, 164.00, 123.00, 65.00
0.00, 0.00, 0.00, 176.00, 113.00, 176.00, 193.00, 141.00, 18.00, 12.00, 104.00, 23.00, 73.00, 162.00, 195.00, 86.00, 106.00, 2.00, 21.00, 125.00
18.00, 0.00, 0.00, 0.00, 57.00, 60.00, 34.00, 54.00, 132.00, 112.00, 98.00, 164.00, 88.00, 149.00, 183.00, 164.00, 80.00, 182.00, 104.00, 102.00
154.00, 115.00, 0.00, 0.00, 197.00, 139.00, 160.00, 166.00, 162.00, 110.00, 157.00, 98.00, 134.00, 103.00, 45.00, 158.00, 43.00, 177.00, 183.00, 19.00
0.00, 0.00, 0.00, 28.00, 164.00, 19.00, 167.00, 25.00, 0.00, 63.00, 125.00, 3.00, 176.00, 149.00, 99.00, 135.00, 56.00, 106.00, 125.00, 48.00
19.00, 59.00, 40.00, 30.00, 124.00, 169.00, 21.00, 105.00, 188.00, 154.00, 111.00, 187.00, 162.00, 44.00, 136.00, 58.00, 145.00, 54.00, 112.00, 113.00
61.00, 0.00, 0.00, 132.00, 51.00, 158.00, 172.00, 145.00, 29.00, 77.00, 67.00, 193.00, 71.00, 44.00, 1.00, 135.00, 89.00, 130.00, 181.00, 188.00
0.00, 0.00, 36.00, 0.00, 77.00, 103.00, 153.00, 111.00, 65.00, 163.00, 38.00, 159.00, 176.00, 62.00, 187.00, 17.00, 196.00, 23.00, 153.00, 85.00
0.00, 0.00, 0.00, 0.00, 166.00, 78.00, 53.00, 22.00, 123.00, 22.00, 121.00, 127.00, 134.00, 177.00, 12.00, 90.00, 14.00, 163.00, 81.00, 156.00
157.00, 0.00, 143.00, 0.00, 130.00, 157.00, 171.00, 99.00, 91.00, 105.00, 121.00, 7.00, 114.00, 8.00, 72.00, 135.00, 8.00, 89.00, 195.00, 19.00
27.00, 91.00, 73.00, 0.00, 71.00, 179.00, 58.00, 141.00, 174.00, 182.00, 157.00, 84.00, 122.00, 125.00, 86.00, 65.00, 124.00, 68.00, 63.00, 143.00
0.00, 0.00, 29.00, 78.00, 112.00, 105.00, 167.00, 30.00, 73.00, 111.00, 57.00, 199.00, 12.00, 8.00, 127.00, 180.00, 8.00, 102.00, 120.00, 13.00
187.00, 0.00, 0.00, 0.00, 186.00, 132.00, 193.00, 24.00, 94.00, 40.00, 163.00, 164.00, 156.00, 10.00, 152.00, 0.00, 15.00, 152.00, 89.00, 106.00
0.00, 67.00, 0.00, 5.00, 178.00, 138.00, 8.00, 72.00, 167.00, 8.00, 181.00, 7.00, 152.00, 190.00, 85.00, 54.00, 17.00, 68.00, 85.00, 65.00
0.00, 0.00, 0.00, 184.00, 183.00, 68.00, 1.00, 177.00, 14.00, 88.00, 74.00, 109.00, 162.00, 150.00, 25.00, 119.00, 168.00, 129.00, 196.00, 95.00
0.00, 0.00, 97.00, 163.00, 169.00, 135.00, 131.00, 127.00, 129.00, 8.00, 45.00, 136.00, 155.00, 99.00, 15.00, 167.00, 169.00, 100.00, 143.00, 138.00
171.00, 11.00, 0.00, 0.00, 158.00, 33.00, 111.00, 171.00, 178.00, 86.00, 114.00, 26.00, 32.00, 20.00, 64.00, 121.00, 168.00, 83.00, 112.00, 143.00

[PRODKOEF]
1, 1, 1.00
1, 2, 1.00
1, 3, 1.00
1, 4, 1.00
1, 5, 1.00
1, 6, 1.00
1, 7, 1.00
1, 8, 1.00
1, 9, 1.00
1, 10, 1.00
1, 11, 1.00
1, 12, 1.00
1, 13, 1.00
1, 14, 1.00
1, 15, 1.00
1, 16, 1.00
1, 17, 1.00
1, 18, 1.00
1, 19, 1.00
1, 20, 1.00
1, 21, 1.00
1, 22, 1.00
1, 23, 1.00
1, 24, 1.00
1, 25, 1.00
1, 26, 1.00
1, 27, 1.00
1, 28, 1.00
1, 29, 1.00
1, 30, 1.00

[RUESTK]
300.00
300.00
150.00
150.00
300.00
150.00
100.00
100.00
100.00
300.00
150.00
250.00
300.00
100.00
100.00
250.00
100.00
250.00
100.00
300.00
300.00
250.00
150.00
200.00
300.00
200.00
300.00
250.00
200.00
300.00

[RUESTZ]
1, 1, 21.00
1, 2, 32.00
1, 3, 65.00
1, 4, 43.00
1, 5, 32.00
1, 6, 21.00
1, 7, 43.00
1, 8, 54.00
1, 9, 21.00
1, 10, 43.00
1, 11, 65.00
1, 12, 65.00
1, 13, 21.00
1, 14, 65.00
1, 15, 21.00
1, 16, 43.00
1, 17, 21.00
1, 18, 54.00
1, 19, 43.00
1, 20, 54.00
1, 21, 32.00
1, 22, 54.00
1, 23, 43.00
1, 24, 54.00
1, 25, 43.00
1, 26, 54.00
1, 27, 21.00
1, 28, 21.00
1, 29, 54.00
1, 30, 21.00

[UEBER-KS]
10000

[DIREKT-B]

