# test0355
[INDEX]
12, 15, 1

[LAGKOST]
1.00, 5.00, 4.00, 1.00, 1.00, 3.00, 3.00, 1.00, 4.00, 3.00, 4.00, 4.00

[L0]
0, 0, 0, 0, 0, 0, 0, 0, 0, 0, 0, 0

[LT]
0, 0, 0, 0, 0, 0, 0, 0, 0, 0, 0, 0

[KAPAZ]
1456, 1456, 1456, 1456, 1456, 1456, 1456, 1456, 1456, 1456, 1456, 1456, 1456, 1456, 1456

[P-BEDARF]
90.00, 98.00, 0.00, 90.00, 76.00, 120.00, 101.00, 120.00, 124.00, 90.00, 78.00, 110.00, 78.00, 88.00, 104.00
76.00, 119.00, 0.00, 117.00, 88.00, 99.00, 90.00, 119.00, 84.00, 121.00, 119.00, 97.00, 88.00, 120.00, 84.00
0.00, 78.00, 90.00, 85.00, 99.00, 117.00, 80.00, 84.00, 86.00, 116.00, 105.00, 88.00, 76.00, 122.00, 122.00
95.00, 96.00, 82.00, 113.00, 102.00, 113.00, 123.00, 78.00, 105.00, 100.00, 115.00, 105.00, 113.00, 106.00, 124.00
0.00, 0.00, 81.00, 108.00, 119.00, 121.00, 118.00, 115.00, 110.00, 111.00, 91.00, 87.00, 98.00, 86.00, 97.00
82.00, 91.00, 94.00, 82.00, 95.00, 115.00, 104.00, 86.00, 113.00, 113.00, 114.00, 81.00, 115.00, 114.00, 119.00
110.00, 115.00, 88.00, 121.00, 102.00, 99.00, 112.00, 85.00, 89.00, 84.00, 116.00, 102.00, 112.00, 109.00, 86.00
124.00, 121.00, 82.00, 89.00, 108.00, 105.00, 84.00, 84.00, 122.00, 87.00, 120.00, 80.00, 87.00, 79.00, 96.00
106.00, 0.00, 101.00, 92.00, 84.00, 89.00, 97.00, 86.00, 81.00, 111.00, 76.00, 116.00, 111.00, 95.00, 106.00
123.00, 76.00, 0.00, 101.00, 77.00, 95.00, 76.00, 112.00, 83.00, 87.00, 124.00, 125.00, 83.00, 107.00, 121.00
0.00, 113.00, 103.00, 0.00, 108.00, 116.00, 81.00, 95.00, 121.00, 119.00, 109.00, 103.00, 97.00, 88.00, 117.00
91.00, 94.00, 0.00, 91.00, 108.00, 91.00, 100.00, 112.00, 80.00, 84.00, 91.00, 92.00, 85.00, 115.00, 113.00

[PRODKOEF]
1, 1, 1.00
1, 2, 1.00
1, 3, 1.00
1, 4, 1.00
1, 5, 1.00
1, 6, 1.00
1, 7, 1.00
1, 8, 1.00
1, 9, 1.00
1, 10, 1.00
1, 11, 1.00
1, 12, 1.00

[RUESTK]
400.00
400.00
200.00
600.00
1000.00
600.00
400.00
400.00
1000.00
400.00
200.00
800.00

[RUESTZ]
1, 1, 20.00
1, 2, 30.00
1, 3, 40.00
1, 4, 50.00
1, 5, 50.00
1, 6, 10.00
1, 7, 40.00
1, 8, 10.00
1, 9, 30.00
1, 10, 50.00
1, 11, 10.00
1, 12, 50.00

[UEBER-KS]
10000

[DIREKT-B]

