# test0366
[INDEX]
12, 30, 1

[LAGKOST]
5.00, 5.00, 1.00, 5.00, 1.00, 1.00, 5.00, 1.00, 2.00, 1.00, 3.00, 2.00

[L0]
0, 0, 0, 0, 0, 0, 0, 0, 0, 0, 0, 0

[LT]
0, 0, 0, 0, 0, 0, 0, 0, 0, 0, 0, 0

[KAPAZ]
1508, 1508, 1508, 1508, 1508, 1508, 1508, 1508, 1508, 1508, 1508, 1508, 1508, 1508, 1508, 1508, 1508, 1508, 1508, 1508, 1508, 1508, 1508, 1508, 1508, 1508, 1508, 1508, 1508, 1508

[P-BEDARF]
0.00, 82.00, 0.00, 114.00, 86.00, 104.00, 112.00, 82.00, 75.00, 118.00, 96.00, 82.00, 92.00, 85.00, 107.00, 91.00, 111.00, 106.00, 124.00, 90.00, 118.00, 98.00, 94.00, 88.00, 82.00, 117.00, 115.00, 96.00, 81.00, 85.00
0.00, 84.00, 103.00, 116.00, 84.00, 108.00, 122.00, 101.00, 83.00, 102.00, 75.00, 125.00, 106.00, 100.00, 105.00, 121.00, 80.00, 105.00, 93.00, 82.00, 112.00, 115.00, 88.00, 82.00, 109.00, 100.00, 76.00, 105.00, 105.00, 75.00
0.00, 0.00, 94.00, 117.00, 83.00, 111.00, 76.00, 116.00, 119.00, 105.00, 90.00, 113.00, 108.00, 90.00, 115.00, 110.00, 83.00, 75.00, 98.00, 80.00, 113.00, 108.00, 82.00, 100.00, 118.00, 98.00, 125.00, 118.00, 102.00, 90.00
122.00, 0.00, 0.00, 111.00, 91.00, 96.00, 107.00, 90.00, 119.00, 107.00, 113.00, 108.00, 96.00, 84.00, 96.00, 117.00, 79.00, 108.00, 99.00, 92.00, 116.00, 118.00, 95.00, 107.00, 125.00, 91.00, 114.00, 112.00, 115.00, 115.00
0.00, 115.00, 85.00, 0.00, 103.00, 81.00, 105.00, 95.00, 92.00, 100.00, 119.00, 77.00, 109.00, 100.00, 93.00, 112.00, 123.00, 120.00, 108.00, 77.00, 82.00, 80.00, 86.00, 96.00, 88.00, 111.00, 114.00, 112.00, 118.00, 78.00
87.00, 103.00, 119.00, 0.00, 98.00, 119.00, 119.00, 113.00, 79.00, 87.00, 95.00, 90.00, 86.00, 94.00, 95.00, 122.00, 77.00, 101.00, 113.00, 89.00, 99.00, 124.00, 113.00, 108.00, 103.00, 104.00, 105.00, 114.00, 76.00, 83.00
125.00, 0.00, 0.00, 0.00, 113.00, 85.00, 116.00, 118.00, 96.00, 124.00, 97.00, 98.00, 83.00, 108.00, 83.00, 125.00, 109.00, 77.00, 103.00, 86.00, 106.00, 122.00, 100.00, 87.00, 82.00, 119.00, 104.00, 77.00, 95.00, 97.00
115.00, 0.00, 0.00, 113.00, 99.00, 95.00, 77.00, 95.00, 112.00, 110.00, 82.00, 80.00, 81.00, 106.00, 93.00, 99.00, 108.00, 98.00, 101.00, 116.00, 93.00, 114.00, 84.00, 97.00, 110.00, 79.00, 80.00, 88.00, 81.00, 82.00
116.00, 79.00, 84.00, 0.00, 76.00, 103.00, 122.00, 102.00, 105.00, 94.00, 118.00, 96.00, 84.00, 113.00, 112.00, 125.00, 118.00, 98.00, 79.00, 76.00, 107.00, 90.00, 102.00, 100.00, 123.00, 106.00, 96.00, 88.00, 83.00, 119.00
0.00, 87.00, 124.00, 78.00, 119.00, 108.00, 84.00, 112.00, 125.00, 76.00, 115.00, 108.00, 77.00, 121.00, 85.00, 104.00, 88.00, 107.00, 116.00, 110.00, 107.00, 107.00, 106.00, 78.00, 99.00, 75.00, 107.00, 86.00, 119.00, 76.00
79.00, 0.00, 85.00, 82.00, 77.00, 76.00, 112.00, 99.00, 106.00, 112.00, 81.00, 84.00, 106.00, 109.00, 99.00, 101.00, 111.00, 112.00, 81.00, 77.00, 122.00, 86.00, 123.00, 125.00, 85.00, 97.00, 76.00, 119.00, 113.00, 87.00
107.00, 88.00, 0.00, 87.00, 91.00, 83.00, 116.00, 85.00, 112.00, 83.00, 102.00, 83.00, 90.00, 115.00, 80.00, 121.00, 76.00, 105.00, 96.00, 77.00, 125.00, 103.00, 83.00, 92.00, 122.00, 107.00, 97.00, 92.00, 109.00, 89.00

[PRODKOEF]
1, 1, 1.00
1, 2, 1.00
1, 3, 1.00
1, 4, 1.00
1, 5, 1.00
1, 6, 1.00
1, 7, 1.00
1, 8, 1.00
1, 9, 1.00
1, 10, 1.00
1, 11, 1.00
1, 12, 1.00

[RUESTK]
200.00
800.00
600.00
600.00
400.00
800.00
1000.00
1000.00
200.00
200.00
800.00
800.00

[RUESTZ]
1, 1, 40.00
1, 2, 40.00
1, 3, 30.00
1, 4, 50.00
1, 5, 20.00
1, 6, 30.00
1, 7, 30.00
1, 8, 30.00
1, 9, 20.00
1, 10, 30.00
1, 11, 50.00
1, 12, 10.00

[UEBER-KS]
10000

[DIREKT-B]

