# test0373
[INDEX]
24, 30, 1

[LAGKOST]
1.00, 4.00, 2.00, 4.00, 3.00, 1.00, 3.00, 1.00, 1.00, 2.00, 5.00, 3.00, 5.00, 5.00, 2.00, 3.00, 3.00, 1.00, 2.00, 3.00, 3.00, 3.00, 5.00, 2.00

[L0]
0, 0, 0, 0, 0, 0, 0, 0, 0, 0, 0, 0, 0, 0, 0, 0, 0, 0, 0, 0, 0, 0, 0, 0

[LT]
0, 0, 0, 0, 0, 0, 0, 0, 0, 0, 0, 0, 0, 0, 0, 0, 0, 0, 0, 0, 0, 0, 0, 0

[KAPAZ]
3016, 3016, 3016, 3016, 3016, 3016, 3016, 3016, 3016, 3016, 3016, 3016, 3016, 3016, 3016, 3016, 3016, 3016, 3016, 3016, 3016, 3016, 3016, 3016, 3016, 3016, 3016, 3016, 3016, 3016

[P-BEDARF]
0.00, 89.00, 118.00, 90.00, 109.00, 84.00, 102.00, 81.00, 95.00, 124.00, 82.00, 116.00, 80.00, 92.00, 102.00, 98.00, 81.00, 114.00, 98.00, 77.00, 106.00, 110.00, 103.00, 94.00, 109.00, 95.00, 91.00, 86.00, 87.00, 76.00
0.00, 119.00, 82.00, 0.00, 89.00, 121.00, 94.00, 111.00, 93.00, 82.00, 119.00, 93.00, 121.00, 101.00, 87.00, 93.00, 119.00, 107.00, 111.00, 107.00, 117.00, 111.00, 84.00, 112.00, 123.00, 106.00, 83.00, 115.00, 79.00, 115.00
92.00, 115.00, 0.00, 0.00, 97.00, 119.00, 94.00, 83.00, 101.00, 124.00, 121.00, 113.00, 101.00, 77.00, 104.00, 124.00, 88.00, 117.00, 79.00, 101.00, 97.00, 77.00, 79.00, 76.00, 106.00, 84.00, 79.00, 121.00, 89.00, 110.00
120.00, 117.00, 77.00, 0.00, 84.00, 120.00, 114.00, 99.00, 119.00, 103.00, 108.00, 94.00, 118.00, 104.00, 91.00, 106.00, 102.00, 91.00, 78.00, 93.00, 78.00, 114.00, 114.00, 97.00, 80.00, 104.00, 124.00, 88.00, 76.00, 123.00
93.00, 113.00, 0.00, 90.00, 80.00, 99.00, 90.00, 98.00, 107.00, 101.00, 105.00, 97.00, 98.00, 80.00, 114.00, 122.00, 123.00, 94.00, 108.00, 99.00, 95.00, 90.00, 123.00, 99.00, 122.00, 111.00, 88.00, 89.00, 105.00, 96.00
125.00, 0.00, 0.00, 104.00, 125.00, 116.00, 112.00, 95.00, 116.00, 79.00, 107.00, 87.00, 76.00, 100.00, 110.00, 79.00, 114.00, 96.00, 93.00, 104.00, 120.00, 115.00, 113.00, 125.00, 114.00, 87.00, 107.00, 87.00, 100.00, 121.00
0.00, 99.00, 94.00, 108.00, 124.00, 109.00, 114.00, 91.00, 87.00, 116.00, 101.00, 97.00, 80.00, 123.00, 84.00, 80.00, 82.00, 81.00, 85.00, 87.00, 112.00, 83.00, 121.00, 107.00, 83.00, 117.00, 103.00, 125.00, 102.00, 114.00
0.00, 95.00, 0.00, 118.00, 124.00, 110.00, 79.00, 86.00, 125.00, 86.00, 91.00, 100.00, 96.00, 91.00, 115.00, 120.00, 115.00, 124.00, 120.00, 85.00, 92.00, 114.00, 106.00, 116.00, 120.00, 124.00, 105.00, 116.00, 119.00, 96.00
0.00, 0.00, 97.00, 85.00, 123.00, 125.00, 94.00, 99.00, 119.00, 77.00, 87.00, 78.00, 99.00, 91.00, 89.00, 100.00, 100.00, 112.00, 108.00, 82.00, 101.00, 83.00, 96.00, 86.00, 125.00, 86.00, 99.00, 120.00, 90.00, 100.00
108.00, 77.00, 123.00, 94.00, 124.00, 109.00, 106.00, 119.00, 91.00, 88.00, 101.00, 118.00, 86.00, 76.00, 98.00, 118.00, 116.00, 113.00, 121.00, 123.00, 121.00, 121.00, 76.00, 121.00, 122.00, 103.00, 98.00, 82.00, 120.00, 93.00
84.00, 94.00, 116.00, 0.00, 91.00, 78.00, 90.00, 78.00, 76.00, 84.00, 120.00, 105.00, 120.00, 89.00, 83.00, 105.00, 96.00, 116.00, 101.00, 99.00, 122.00, 80.00, 88.00, 99.00, 109.00, 92.00, 102.00, 111.00, 113.00, 105.00
0.00, 116.00, 93.00, 96.00, 78.00, 94.00, 80.00, 94.00, 89.00, 110.00, 112.00, 111.00, 100.00, 98.00, 120.00, 125.00, 83.00, 76.00, 117.00, 92.00, 91.00, 93.00, 94.00, 103.00, 108.00, 77.00, 79.00, 76.00, 99.00, 90.00
106.00, 0.00, 108.00, 90.00, 99.00, 109.00, 122.00, 115.00, 97.00, 101.00, 96.00, 76.00, 120.00, 87.00, 123.00, 100.00, 84.00, 118.00, 89.00, 111.00, 97.00, 89.00, 124.00, 76.00, 112.00, 87.00, 105.00, 104.00, 125.00, 96.00
0.00, 78.00, 115.00, 120.00, 96.00, 106.00, 114.00, 96.00, 82.00, 120.00, 117.00, 103.00, 121.00, 92.00, 103.00, 77.00, 107.00, 123.00, 82.00, 86.00, 115.00, 97.00, 97.00, 80.00, 103.00, 80.00, 118.00, 88.00, 109.00, 117.00
77.00, 0.00, 0.00, 113.00, 78.00, 107.00, 85.00, 93.00, 120.00, 112.00, 88.00, 89.00, 94.00, 114.00, 115.00, 111.00, 82.00, 120.00, 97.00, 114.00, 114.00, 81.00, 109.00, 95.00, 110.00, 92.00, 119.00, 97.00, 86.00, 93.00
86.00, 102.00, 75.00, 98.00, 110.00, 84.00, 82.00, 91.00, 81.00, 89.00, 124.00, 106.00, 122.00, 109.00, 113.00, 124.00, 83.00, 116.00, 92.00, 109.00, 98.00, 114.00, 85.00, 104.00, 82.00, 87.00, 97.00, 85.00, 81.00, 103.00
121.00, 0.00, 79.00, 123.00, 105.00, 92.00, 123.00, 108.00, 106.00, 75.00, 98.00, 83.00, 89.00, 78.00, 90.00, 92.00, 109.00, 117.00, 76.00, 76.00, 116.00, 103.00, 78.00, 117.00, 105.00, 92.00, 113.00, 90.00, 113.00, 81.00
105.00, 108.00, 99.00, 105.00, 89.00, 100.00, 102.00, 77.00, 103.00, 103.00, 125.00, 93.00, 86.00, 89.00, 122.00, 88.00, 106.00, 110.00, 77.00, 79.00, 113.00, 97.00, 106.00, 117.00, 89.00, 117.00, 107.00, 79.00, 96.00, 113.00
0.00, 0.00, 81.00, 80.00, 93.00, 120.00, 105.00, 93.00, 115.00, 91.00, 116.00, 112.00, 117.00, 85.00, 122.00, 94.00, 105.00, 106.00, 79.00, 92.00, 80.00, 104.00, 83.00, 101.00, 86.00, 121.00, 76.00, 110.00, 111.00, 94.00
82.00, 0.00, 95.00, 81.00, 109.00, 76.00, 115.00, 113.00, 110.00, 119.00, 120.00, 87.00, 76.00, 104.00, 90.00, 76.00, 77.00, 98.00, 84.00, 86.00, 113.00, 97.00, 95.00, 105.00, 117.00, 78.00, 95.00, 101.00, 103.00, 102.00
100.00, 108.00, 0.00, 114.00, 112.00, 124.00, 96.00, 90.00, 76.00, 92.00, 82.00, 113.00, 108.00, 113.00, 86.00, 107.00, 117.00, 84.00, 89.00, 90.00, 108.00, 95.00, 118.00, 124.00, 79.00, 79.00, 91.00, 114.00, 120.00, 113.00
109.00, 0.00, 77.00, 111.00, 97.00, 110.00, 88.00, 120.00, 114.00, 82.00, 110.00, 94.00, 108.00, 90.00, 109.00, 108.00, 111.00, 122.00, 81.00, 113.00, 84.00, 97.00, 104.00, 97.00, 121.00, 118.00, 86.00, 125.00, 96.00, 115.00
0.00, 78.00, 0.00, 87.00, 119.00, 90.00, 113.00, 108.00, 95.00, 113.00, 119.00, 101.00, 79.00, 118.00, 80.00, 85.00, 113.00, 121.00, 84.00, 121.00, 84.00, 80.00, 116.00, 116.00, 120.00, 98.00, 100.00, 119.00, 94.00, 122.00
96.00, 120.00, 0.00, 124.00, 93.00, 102.00, 92.00, 120.00, 96.00, 92.00, 123.00, 107.00, 100.00, 103.00, 94.00, 91.00, 81.00, 81.00, 123.00, 108.00, 94.00, 104.00, 106.00, 76.00, 79.00, 79.00, 122.00, 94.00, 104.00, 97.00

[PRODKOEF]
1, 1, 1.00
1, 2, 1.00
1, 3, 1.00
1, 4, 1.00
1, 5, 1.00
1, 6, 1.00
1, 7, 1.00
1, 8, 1.00
1, 9, 1.00
1, 10, 1.00
1, 11, 1.00
1, 12, 1.00
1, 13, 1.00
1, 14, 1.00
1, 15, 1.00
1, 16, 1.00
1, 17, 1.00
1, 18, 1.00
1, 19, 1.00
1, 20, 1.00
1, 21, 1.00
1, 22, 1.00
1, 23, 1.00
1, 24, 1.00

[RUESTK]
400.00
200.00
1000.00
600.00
200.00
200.00
800.00
400.00
1000.00
200.00
1000.00
400.00
200.00
800.00
600.00
200.00
800.00
200.00
400.00
400.00
600.00
1000.00
200.00
800.00

[RUESTZ]
1, 1, 10.00
1, 2, 40.00
1, 3, 30.00
1, 4, 10.00
1, 5, 10.00
1, 6, 20.00
1, 7, 50.00
1, 8, 30.00
1, 9, 40.00
1, 10, 30.00
1, 11, 50.00
1, 12, 40.00
1, 13, 10.00
1, 14, 40.00
1, 15, 10.00
1, 16, 50.00
1, 17, 50.00
1, 18, 50.00
1, 19, 40.00
1, 20, 30.00
1, 21, 50.00
1, 22, 30.00
1, 23, 40.00
1, 24, 50.00

[UEBER-KS]
10000

[DIREKT-B]

