# test0820
[INDEX]
30, 20, 1

[LAGKOST]
1.20, 1.20, 1.20, 0.90, 1.20, 1.10, 1.20, 1.10, 0.80, 0.90, 1.00, 0.90, 1.20, 1.00, 1.20, 1.00, 1.10, 0.80, 1.10, 0.80, 1.00, 1.10, 0.80, 1.10, 1.00, 1.20, 1.00, 1.00, 0.90, 0.80

[L0]
0, 0, 0, 0, 0, 0, 0, 0, 0, 0, 0, 0, 0, 0, 0, 0, 0, 0, 0, 0, 0, 0, 0, 0, 0, 0, 0, 0, 0, 0

[LT]
0, 0, 0, 0, 0, 0, 0, 0, 0, 0, 0, 0, 0, 0, 0, 0, 0, 0, 0, 0, 0, 0, 0, 0, 0, 0, 0, 0, 0, 0

[KAPAZ]
3453, 3453, 3453, 3453, 3453, 3453, 3453, 3453, 3453, 3453, 3453, 3453, 3453, 3453, 3453, 3453, 3453, 3453, 3453, 3453

[P-BEDARF]
0.00, 0.00, 92.00, 98.00, 96.00, 104.00, 79.00, 86.00, 124.00, 86.00, 105.00, 107.00, 96.00, 82.00, 112.00, 77.00, 111.00, 123.00, 102.00, 81.00
0.00, 0.00, 0.00, 84.00, 83.00, 95.00, 113.00, 91.00, 115.00, 81.00, 108.00, 106.00, 114.00, 111.00, 108.00, 90.00, 120.00, 114.00, 109.00, 81.00
0.00, 0.00, 0.00, 0.00, 116.00, 92.00, 96.00, 122.00, 124.00, 107.00, 104.00, 79.00, 106.00, 102.00, 108.00, 96.00, 76.00, 98.00, 107.00, 109.00
107.00, 0.00, 0.00, 101.00, 77.00, 119.00, 76.00, 90.00, 96.00, 97.00, 109.00, 113.00, 104.00, 81.00, 79.00, 108.00, 118.00, 87.00, 93.00, 107.00
0.00, 0.00, 0.00, 0.00, 77.00, 115.00, 97.00, 111.00, 93.00, 105.00, 98.00, 95.00, 124.00, 104.00, 102.00, 94.00, 97.00, 92.00, 108.00, 118.00
0.00, 92.00, 0.00, 83.00, 121.00, 84.00, 86.00, 88.00, 89.00, 94.00, 91.00, 98.00, 79.00, 79.00, 85.00, 82.00, 124.00, 115.00, 122.00, 120.00
0.00, 118.00, 0.00, 89.00, 107.00, 80.00, 77.00, 109.00, 99.00, 107.00, 97.00, 75.00, 77.00, 110.00, 81.00, 121.00, 78.00, 87.00, 85.00, 122.00
0.00, 0.00, 106.00, 0.00, 104.00, 119.00, 89.00, 95.00, 80.00, 80.00, 102.00, 123.00, 100.00, 76.00, 117.00, 111.00, 98.00, 98.00, 106.00, 96.00
111.00, 124.00, 0.00, 99.00, 116.00, 75.00, 88.00, 100.00, 121.00, 114.00, 108.00, 91.00, 95.00, 92.00, 98.00, 102.00, 77.00, 91.00, 102.00, 83.00
0.00, 0.00, 109.00, 0.00, 107.00, 117.00, 122.00, 114.00, 80.00, 92.00, 100.00, 75.00, 119.00, 109.00, 84.00, 78.00, 111.00, 117.00, 113.00, 116.00
0.00, 110.00, 0.00, 0.00, 115.00, 102.00, 115.00, 124.00, 113.00, 124.00, 90.00, 80.00, 93.00, 84.00, 78.00, 92.00, 107.00, 115.00, 79.00, 77.00
113.00, 95.00, 0.00, 0.00, 76.00, 108.00, 119.00, 76.00, 82.00, 111.00, 102.00, 97.00, 89.00, 124.00, 109.00, 92.00, 102.00, 75.00, 86.00, 98.00
82.00, 0.00, 99.00, 0.00, 108.00, 122.00, 111.00, 93.00, 109.00, 83.00, 81.00, 102.00, 102.00, 111.00, 80.00, 112.00, 109.00, 76.00, 106.00, 85.00
0.00, 0.00, 97.00, 78.00, 94.00, 115.00, 95.00, 109.00, 96.00, 97.00, 86.00, 81.00, 89.00, 75.00, 98.00, 124.00, 81.00, 76.00, 95.00, 85.00
98.00, 119.00, 0.00, 0.00, 79.00, 112.00, 85.00, 99.00, 111.00, 124.00, 85.00, 107.00, 106.00, 106.00, 109.00, 118.00, 105.00, 123.00, 124.00, 93.00
0.00, 0.00, 86.00, 0.00, 105.00, 81.00, 83.00, 76.00, 116.00, 107.00, 78.00, 93.00, 120.00, 89.00, 84.00, 116.00, 84.00, 76.00, 92.00, 75.00
92.00, 90.00, 0.00, 78.00, 102.00, 81.00, 83.00, 99.00, 123.00, 79.00, 105.00, 78.00, 114.00, 105.00, 123.00, 99.00, 83.00, 95.00, 124.00, 94.00
0.00, 0.00, 0.00, 0.00, 99.00, 103.00, 101.00, 101.00, 86.00, 105.00, 109.00, 85.00, 78.00, 105.00, 106.00, 98.00, 89.00, 123.00, 116.00, 123.00
112.00, 0.00, 0.00, 0.00, 76.00, 120.00, 91.00, 110.00, 102.00, 106.00, 116.00, 103.00, 100.00, 115.00, 109.00, 124.00, 82.00, 90.00, 108.00, 96.00
77.00, 0.00, 107.00, 0.00, 100.00, 88.00, 99.00, 95.00, 120.00, 92.00, 113.00, 90.00, 82.00, 123.00, 106.00, 117.00, 88.00, 103.00, 98.00, 108.00
0.00, 0.00, 103.00, 0.00, 97.00, 114.00, 113.00, 123.00, 97.00, 88.00, 106.00, 80.00, 77.00, 110.00, 88.00, 92.00, 88.00, 96.00, 124.00, 118.00
0.00, 81.00, 108.00, 113.00, 109.00, 121.00, 76.00, 86.00, 105.00, 100.00, 105.00, 115.00, 122.00, 105.00, 119.00, 76.00, 84.00, 78.00, 121.00, 113.00
0.00, 0.00, 95.00, 0.00, 96.00, 86.00, 119.00, 106.00, 100.00, 92.00, 108.00, 98.00, 117.00, 77.00, 97.00, 75.00, 106.00, 86.00, 87.00, 115.00
93.00, 99.00, 0.00, 107.00, 108.00, 118.00, 106.00, 97.00, 115.00, 76.00, 76.00, 99.00, 75.00, 112.00, 91.00, 114.00, 111.00, 109.00, 100.00, 105.00
0.00, 0.00, 88.00, 0.00, 76.00, 111.00, 116.00, 109.00, 103.00, 82.00, 84.00, 109.00, 81.00, 106.00, 103.00, 82.00, 93.00, 114.00, 100.00, 114.00
0.00, 101.00, 114.00, 100.00, 104.00, 102.00, 90.00, 119.00, 102.00, 100.00, 122.00, 76.00, 111.00, 91.00, 82.00, 77.00, 77.00, 105.00, 99.00, 112.00
80.00, 0.00, 76.00, 97.00, 76.00, 122.00, 87.00, 89.00, 88.00, 99.00, 95.00, 103.00, 116.00, 108.00, 107.00, 120.00, 122.00, 95.00, 114.00, 111.00
103.00, 123.00, 0.00, 80.00, 114.00, 110.00, 104.00, 102.00, 121.00, 120.00, 109.00, 117.00, 102.00, 106.00, 86.00, 103.00, 116.00, 110.00, 108.00, 91.00
82.00, 0.00, 0.00, 115.00, 80.00, 107.00, 75.00, 90.00, 111.00, 117.00, 86.00, 91.00, 89.00, 96.00, 124.00, 86.00, 120.00, 118.00, 115.00, 120.00
0.00, 115.00, 0.00, 0.00, 107.00, 93.00, 86.00, 89.00, 76.00, 92.00, 108.00, 105.00, 81.00, 82.00, 91.00, 81.00, 89.00, 120.00, 95.00, 97.00

[PRODKOEF]
1, 1, 1.00
1, 2, 1.00
1, 3, 1.00
1, 4, 1.00
1, 5, 1.00
1, 6, 1.00
1, 7, 1.00
1, 8, 1.00
1, 9, 1.00
1, 10, 1.00
1, 11, 1.00
1, 12, 1.00
1, 13, 1.00
1, 14, 1.00
1, 15, 1.00
1, 16, 1.00
1, 17, 1.00
1, 18, 1.00
1, 19, 1.00
1, 20, 1.00
1, 21, 1.00
1, 22, 1.00
1, 23, 1.00
1, 24, 1.00
1, 25, 1.00
1, 26, 1.00
1, 27, 1.00
1, 28, 1.00
1, 29, 1.00
1, 30, 1.00

[RUESTK]
250.00
200.00
200.00
150.00
150.00
150.00
100.00
300.00
250.00
250.00
250.00
100.00
100.00
200.00
200.00
250.00
150.00
300.00
300.00
250.00
150.00
300.00
250.00
100.00
150.00
150.00
250.00
150.00
200.00
100.00

[RUESTZ]
1, 1, 65.00
1, 2, 43.00
1, 3, 65.00
1, 4, 21.00
1, 5, 21.00
1, 6, 43.00
1, 7, 65.00
1, 8, 32.00
1, 9, 32.00
1, 10, 43.00
1, 11, 43.00
1, 12, 32.00
1, 13, 32.00
1, 14, 43.00
1, 15, 65.00
1, 16, 32.00
1, 17, 65.00
1, 18, 43.00
1, 19, 21.00
1, 20, 65.00
1, 21, 32.00
1, 22, 32.00
1, 23, 32.00
1, 24, 54.00
1, 25, 54.00
1, 26, 43.00
1, 27, 54.00
1, 28, 21.00
1, 29, 54.00
1, 30, 21.00

[UEBER-KS]
10000

[DIREKT-B]

