# test0240
[INDEX]
6, 15, 1

[LAGKOST]
3.00, 5.00, 5.00, 4.00, 2.00, 1.00

[L0]
0, 0, 0, 0, 0, 0

[LT]
0, 0, 0, 0, 0, 0

[KAPAZ]
1064, 1064, 1064, 1064, 1064, 1064, 1064, 1064, 1064, 1064, 1064, 1064, 1064, 1064, 1064

[P-BEDARF]
0.00, 89.00, 103.00, 83.00, 108.00, 82.00, 100.00, 88.00, 109.00, 103.00, 88.00, 88.00, 117.00, 95.00, 91.00
116.00, 125.00, 102.00, 111.00, 111.00, 84.00, 123.00, 111.00, 83.00, 103.00, 108.00, 97.00, 88.00, 107.00, 120.00
91.00, 100.00, 84.00, 117.00, 99.00, 120.00, 93.00, 76.00, 122.00, 90.00, 101.00, 91.00, 124.00, 85.00, 99.00
0.00, 76.00, 84.00, 106.00, 92.00, 116.00, 101.00, 111.00, 82.00, 115.00, 85.00, 118.00, 105.00, 100.00, 117.00
118.00, 0.00, 101.00, 83.00, 115.00, 111.00, 119.00, 80.00, 92.00, 75.00, 107.00, 90.00, 113.00, 81.00, 110.00
84.00, 113.00, 99.00, 0.00, 112.00, 125.00, 102.00, 80.00, 113.00, 119.00, 76.00, 79.00, 85.00, 86.00, 104.00

[PRODKOEF]
1, 1, 1.00
1, 2, 1.00
1, 3, 1.00
1, 4, 1.00
1, 5, 1.00
1, 6, 1.00

[RUESTK]
600.00
1000.00
1000.00
800.00
800.00
600.00

[RUESTZ]
1, 1, 90.00
1, 2, 90.00
1, 3, 84.00
1, 4, 84.00
1, 5, 84.00
1, 6, 90.00

[UEBER-KS]
10000

[DIREKT-B]

