# test0308
[INDEX]
6, 15, 1

[LAGKOST]
5.00, 2.00, 3.00, 3.00, 1.00, 2.00

[L0]
0, 0, 0, 0, 0, 0

[LT]
0, 0, 0, 0, 0, 0

[KAPAZ]
760, 760, 760, 760, 760, 760, 760, 760, 760, 760, 760, 760, 760, 760, 760

[P-BEDARF]
102.00, 102.00, 101.00, 102.00, 99.00, 96.00, 102.00, 103.00, 96.00, 98.00, 104.00, 103.00, 100.00, 104.00, 95.00
0.00, 101.00, 102.00, 105.00, 100.00, 101.00, 97.00, 101.00, 102.00, 97.00, 98.00, 104.00, 99.00, 97.00, 104.00
98.00, 98.00, 96.00, 101.00, 105.00, 95.00, 99.00, 98.00, 98.00, 103.00, 100.00, 98.00, 98.00, 98.00, 97.00
96.00, 103.00, 0.00, 95.00, 100.00, 105.00, 102.00, 105.00, 104.00, 102.00, 99.00, 96.00, 104.00, 102.00, 95.00
101.00, 97.00, 99.00, 100.00, 95.00, 100.00, 95.00, 99.00, 97.00, 102.00, 97.00, 100.00, 103.00, 97.00, 105.00
101.00, 99.00, 99.00, 0.00, 102.00, 105.00, 99.00, 99.00, 104.00, 102.00, 97.00, 99.00, 96.00, 100.00, 101.00

[PRODKOEF]
1, 1, 1.00
1, 2, 1.00
1, 3, 1.00
1, 4, 1.00
1, 5, 1.00
1, 6, 1.00

[RUESTK]
200.00
800.00
200.00
200.00
1000.00
1000.00

[RUESTZ]
1, 1, 30.00
1, 2, 50.00
1, 3, 20.00
1, 4, 30.00
1, 5, 40.00
1, 6, 20.00

[UEBER-KS]
10000

[DIREKT-B]

