# test0360
[INDEX]
24, 15, 1

[LAGKOST]
2.00, 2.00, 5.00, 2.00, 4.00, 2.00, 4.00, 3.00, 5.00, 1.00, 4.00, 3.00, 2.00, 3.00, 3.00, 3.00, 1.00, 1.00, 2.00, 5.00, 1.00, 4.00, 5.00, 5.00

[L0]
0, 0, 0, 0, 0, 0, 0, 0, 0, 0, 0, 0, 0, 0, 0, 0, 0, 0, 0, 0, 0, 0, 0, 0

[LT]
0, 0, 0, 0, 0, 0, 0, 0, 0, 0, 0, 0, 0, 0, 0, 0, 0, 0, 0, 0, 0, 0, 0, 0

[KAPAZ]
2912, 2912, 2912, 2912, 2912, 2912, 2912, 2912, 2912, 2912, 2912, 2912, 2912, 2912, 2912

[P-BEDARF]
0.00, 76.00, 84.00, 0.00, 114.00, 112.00, 105.00, 119.00, 117.00, 91.00, 86.00, 88.00, 98.00, 78.00, 114.00
125.00, 96.00, 0.00, 80.00, 85.00, 118.00, 108.00, 85.00, 88.00, 94.00, 84.00, 118.00, 103.00, 117.00, 76.00
90.00, 88.00, 0.00, 120.00, 82.00, 96.00, 102.00, 91.00, 76.00, 93.00, 80.00, 122.00, 84.00, 105.00, 81.00
114.00, 115.00, 107.00, 103.00, 77.00, 115.00, 94.00, 82.00, 118.00, 112.00, 124.00, 115.00, 125.00, 76.00, 99.00
79.00, 97.00, 0.00, 0.00, 122.00, 82.00, 97.00, 122.00, 124.00, 82.00, 77.00, 91.00, 97.00, 109.00, 120.00
97.00, 94.00, 104.00, 97.00, 87.00, 103.00, 82.00, 92.00, 79.00, 84.00, 96.00, 117.00, 109.00, 121.00, 124.00
120.00, 91.00, 0.00, 89.00, 75.00, 82.00, 124.00, 104.00, 107.00, 114.00, 86.00, 78.00, 83.00, 88.00, 116.00
99.00, 94.00, 118.00, 116.00, 114.00, 114.00, 101.00, 90.00, 86.00, 78.00, 99.00, 121.00, 114.00, 94.00, 78.00
0.00, 100.00, 81.00, 90.00, 110.00, 91.00, 92.00, 107.00, 102.00, 90.00, 75.00, 119.00, 87.00, 120.00, 124.00
96.00, 105.00, 121.00, 99.00, 84.00, 122.00, 96.00, 83.00, 84.00, 90.00, 109.00, 77.00, 92.00, 124.00, 94.00
0.00, 0.00, 104.00, 86.00, 109.00, 113.00, 96.00, 85.00, 91.00, 79.00, 77.00, 92.00, 121.00, 118.00, 100.00
79.00, 106.00, 0.00, 123.00, 98.00, 81.00, 110.00, 119.00, 86.00, 114.00, 79.00, 110.00, 91.00, 89.00, 102.00
109.00, 115.00, 0.00, 113.00, 114.00, 117.00, 93.00, 92.00, 100.00, 122.00, 87.00, 83.00, 113.00, 123.00, 116.00
90.00, 83.00, 85.00, 124.00, 97.00, 75.00, 121.00, 84.00, 122.00, 100.00, 108.00, 107.00, 103.00, 91.00, 125.00
109.00, 113.00, 94.00, 75.00, 107.00, 100.00, 90.00, 76.00, 85.00, 109.00, 116.00, 93.00, 105.00, 88.00, 106.00
95.00, 88.00, 94.00, 89.00, 121.00, 122.00, 100.00, 104.00, 113.00, 99.00, 123.00, 92.00, 104.00, 111.00, 112.00
89.00, 105.00, 118.00, 0.00, 114.00, 85.00, 95.00, 90.00, 107.00, 116.00, 94.00, 115.00, 124.00, 78.00, 117.00
83.00, 92.00, 0.00, 91.00, 90.00, 107.00, 116.00, 103.00, 77.00, 102.00, 107.00, 116.00, 112.00, 116.00, 98.00
0.00, 0.00, 78.00, 76.00, 116.00, 80.00, 90.00, 105.00, 102.00, 122.00, 100.00, 113.00, 106.00, 93.00, 85.00
79.00, 98.00, 78.00, 0.00, 87.00, 119.00, 98.00, 104.00, 116.00, 110.00, 88.00, 81.00, 75.00, 114.00, 76.00
0.00, 0.00, 116.00, 99.00, 78.00, 92.00, 77.00, 79.00, 81.00, 112.00, 79.00, 122.00, 100.00, 95.00, 96.00
117.00, 107.00, 90.00, 95.00, 86.00, 78.00, 85.00, 90.00, 93.00, 82.00, 75.00, 98.00, 124.00, 99.00, 87.00
83.00, 79.00, 0.00, 78.00, 112.00, 94.00, 115.00, 77.00, 79.00, 82.00, 95.00, 90.00, 91.00, 86.00, 114.00
96.00, 0.00, 120.00, 111.00, 95.00, 108.00, 75.00, 101.00, 84.00, 103.00, 90.00, 110.00, 83.00, 123.00, 100.00

[PRODKOEF]
1, 1, 1.00
1, 2, 1.00
1, 3, 1.00
1, 4, 1.00
1, 5, 1.00
1, 6, 1.00
1, 7, 1.00
1, 8, 1.00
1, 9, 1.00
1, 10, 1.00
1, 11, 1.00
1, 12, 1.00
1, 13, 1.00
1, 14, 1.00
1, 15, 1.00
1, 16, 1.00
1, 17, 1.00
1, 18, 1.00
1, 19, 1.00
1, 20, 1.00
1, 21, 1.00
1, 22, 1.00
1, 23, 1.00
1, 24, 1.00

[RUESTK]
1000.00
600.00
200.00
200.00
800.00
1000.00
400.00
400.00
600.00
600.00
800.00
1000.00
400.00
600.00
400.00
200.00
1000.00
400.00
1000.00
800.00
1000.00
600.00
400.00
800.00

[RUESTZ]
1, 1, 40.00
1, 2, 10.00
1, 3, 40.00
1, 4, 10.00
1, 5, 40.00
1, 6, 40.00
1, 7, 10.00
1, 8, 50.00
1, 9, 40.00
1, 10, 20.00
1, 11, 20.00
1, 12, 40.00
1, 13, 50.00
1, 14, 20.00
1, 15, 40.00
1, 16, 50.00
1, 17, 20.00
1, 18, 20.00
1, 19, 20.00
1, 20, 40.00
1, 21, 20.00
1, 22, 30.00
1, 23, 20.00
1, 24, 40.00

[UEBER-KS]
10000

[DIREKT-B]

