# test0461
[INDEX]
10, 20, 1

[LAGKOST]
1.10, 1.00, 1.20, 1.20, 1.20, 0.90, 0.80, 0.90, 1.10, 0.80

[L0]
0, 0, 0, 0, 0, 0, 0, 0, 0, 0

[LT]
0, 0, 0, 0, 0, 0, 0, 0, 0, 0

[KAPAZ]
1233, 1233, 1233, 1233, 1233, 1233, 1233, 1233, 1233, 1233, 1233, 1233, 1233, 1233, 1233, 1233, 1233, 1233, 1233, 1233

[P-BEDARF]
0.00, 0.00, 0.00, 114.00, 102.00, 110.00, 115.00, 114.00, 114.00, 93.00, 115.00, 87.00, 110.00, 78.00, 77.00, 83.00, 122.00, 109.00, 86.00, 97.00
82.00, 0.00, 0.00, 98.00, 118.00, 123.00, 108.00, 107.00, 116.00, 123.00, 78.00, 87.00, 98.00, 87.00, 103.00, 114.00, 109.00, 98.00, 109.00, 78.00
0.00, 0.00, 78.00, 82.00, 79.00, 77.00, 100.00, 80.00, 106.00, 79.00, 94.00, 83.00, 87.00, 117.00, 105.00, 120.00, 83.00, 92.00, 108.00, 101.00
81.00, 113.00, 0.00, 0.00, 75.00, 100.00, 91.00, 116.00, 91.00, 87.00, 94.00, 114.00, 94.00, 96.00, 81.00, 78.00, 88.00, 96.00, 124.00, 91.00
106.00, 0.00, 0.00, 0.00, 86.00, 97.00, 104.00, 102.00, 83.00, 108.00, 88.00, 117.00, 122.00, 98.00, 88.00, 102.00, 78.00, 87.00, 97.00, 100.00
0.00, 97.00, 90.00, 94.00, 94.00, 79.00, 92.00, 92.00, 79.00, 97.00, 84.00, 82.00, 114.00, 118.00, 93.00, 95.00, 78.00, 110.00, 123.00, 119.00
0.00, 104.00, 100.00, 93.00, 78.00, 107.00, 124.00, 113.00, 78.00, 98.00, 111.00, 104.00, 84.00, 116.00, 104.00, 80.00, 110.00, 108.00, 76.00, 123.00
0.00, 0.00, 0.00, 0.00, 96.00, 118.00, 92.00, 103.00, 100.00, 89.00, 89.00, 117.00, 111.00, 100.00, 99.00, 108.00, 93.00, 99.00, 118.00, 109.00
119.00, 0.00, 0.00, 0.00, 115.00, 120.00, 102.00, 120.00, 85.00, 107.00, 114.00, 92.00, 92.00, 102.00, 110.00, 108.00, 81.00, 102.00, 102.00, 104.00
0.00, 0.00, 110.00, 81.00, 85.00, 93.00, 119.00, 88.00, 122.00, 77.00, 113.00, 101.00, 99.00, 113.00, 116.00, 83.00, 100.00, 96.00, 120.00, 76.00

[PRODKOEF]
1, 1, 1.00
1, 2, 1.00
1, 3, 1.00
1, 4, 1.00
1, 5, 1.00
1, 6, 1.00
1, 7, 1.00
1, 8, 1.00
1, 9, 1.00
1, 10, 1.00

[RUESTK]
1000.00
800.00
1000.00
400.00
800.00
1200.00
1000.00
1000.00
1200.00
400.00

[RUESTZ]
1, 1, 11.00
1, 2, 8.00
1, 3, 5.00
1, 4, 17.00
1, 5, 5.00
1, 6, 8.00
1, 7, 14.00
1, 8, 17.00
1, 9, 5.00
1, 10, 14.00

[UEBER-KS]
10000

[DIREKT-B]

