# test0208
[INDEX]
6, 15, 1

[LAGKOST]
5.00, 1.00, 3.00, 1.00, 4.00, 2.00

[L0]
0, 0, 0, 0, 0, 0

[LT]
0, 0, 0, 0, 0, 0

[KAPAZ]
728, 728, 728, 728, 728, 728, 728, 728, 728, 728, 728, 728, 728, 728, 728

[P-BEDARF]
88.00, 118.00, 109.00, 97.00, 114.00, 100.00, 98.00, 110.00, 95.00, 121.00, 77.00, 120.00, 112.00, 117.00, 95.00
0.00, 100.00, 0.00, 112.00, 78.00, 96.00, 100.00, 104.00, 82.00, 77.00, 94.00, 84.00, 102.00, 109.00, 95.00
0.00, 95.00, 124.00, 99.00, 92.00, 120.00, 117.00, 83.00, 84.00, 125.00, 123.00, 123.00, 105.00, 101.00, 109.00
0.00, 116.00, 116.00, 0.00, 104.00, 111.00, 100.00, 107.00, 113.00, 104.00, 96.00, 83.00, 110.00, 124.00, 106.00
87.00, 89.00, 80.00, 90.00, 95.00, 81.00, 94.00, 102.00, 77.00, 100.00, 117.00, 91.00, 116.00, 80.00, 100.00
84.00, 94.00, 85.00, 95.00, 84.00, 88.00, 118.00, 93.00, 94.00, 113.00, 87.00, 97.00, 110.00, 120.00, 96.00

[PRODKOEF]
1, 1, 1.00
1, 2, 1.00
1, 3, 1.00
1, 4, 1.00
1, 5, 1.00
1, 6, 1.00

[RUESTK]
200.00
200.00
600.00
400.00
600.00
200.00

[RUESTZ]
1, 1, 20.00
1, 2, 10.00
1, 3, 40.00
1, 4, 40.00
1, 5, 50.00
1, 6, 50.00

[UEBER-KS]
10000

[DIREKT-B]

