# test0120
[INDEX]
8, 15, 1

[LAGKOST]
1.00, 1.00, 2.00, 2.00, 2.00, 3.00, 3.00, 4.00

[L0]
0, 0, 0, 0, 0, 0, 0, 0

[LT]
0, 0, 0, 0, 0, 0, 0, 0

[KAPAZ]
3750, 3750, 3750, 3750, 3750, 3750, 3750, 3750, 3750, 3750, 3750, 3750, 3750, 3750, 3750

[P-BEDARF]
264.00, 239.00, 195.00, 211.00, 235.00, 293.00, 336.00, 354.00, 367.00, 373.00, 330.00, 299.00, 265.00, 240.00, 332.00
335.00, 324.00, 261.00, 286.00, 324.00, 381.00, 441.00, 474.00, 481.00, 501.00, 437.00, 391.00, 348.00, 320.00, 468.00
259.00, 240.00, 193.00, 218.00, 239.00, 282.00, 330.00, 366.00, 365.00, 375.00, 322.00, 308.00, 258.00, 237.00, 344.00
332.00, 312.00, 267.00, 280.00, 313.00, 376.00, 441.00, 483.00, 478.00, 510.00, 438.00, 409.00, 344.00, 315.00, 457.00
516.00, 484.00, 384.00, 430.00, 482.00, 570.00, 654.00, 726.00, 713.00, 751.00, 652.00, 600.00, 513.00, 477.00, 662.00
253.00, 243.00, 192.00, 208.00, 246.00, 285.00, 339.00, 357.00, 363.00, 372.00, 333.00, 305.00, 250.00, 249.00, 332.00
503.00, 480.00, 400.00, 411.00, 476.00, 578.00, 665.00, 722.00, 724.00, 759.00, 658.00, 605.00, 507.00, 486.00, 663.00
342.00, 313.00, 262.00, 283.00, 320.00, 382.00, 450.00, 490.00, 487.00, 509.00, 446.00, 400.00, 345.00, 312.00, 442.00

[PRODKOEF]
1, 1, 1.00
1, 2, 1.00
1, 3, 1.00
1, 4, 1.00
1, 5, 1.00
1, 6, 1.00
1, 7, 1.00
1, 8, 1.00

[RUESTK]
1600.00
1500.00
1150.00
1250.00
1750.00
1500.00
1250.00
1500.00

[RUESTZ]
1, 1, 20.00
1, 2, 25.00
1, 3, 20.00
1, 4, 25.00
1, 5, 30.00
1, 6, 30.00
1, 7, 25.00
1, 8, 30.00

[UEBER-KS]
10000

[DIREKT-B]

