# test0641
[INDEX]
20, 20, 1

[LAGKOST]
1.10, 1.10, 1.20, 0.80, 1.20, 1.00, 1.00, 1.20, 0.90, 1.00, 1.10, 0.80, 1.10, 0.80, 1.10, 0.80, 1.00, 0.90, 1.00, 0.90

[L0]
0, 0, 0, 0, 0, 0, 0, 0, 0, 0, 0, 0, 0, 0, 0, 0, 0, 0, 0, 0

[LT]
0, 0, 0, 0, 0, 0, 0, 0, 0, 0, 0, 0, 0, 0, 0, 0, 0, 0, 0, 0

[KAPAZ]
2466, 2466, 2466, 2466, 2466, 2466, 2466, 2466, 2466, 2466, 2466, 2466, 2466, 2466, 2466, 2466, 2466, 2466, 2466, 2466

[P-BEDARF]
99.00, 77.00, 110.00, 105.00, 105.00, 79.00, 111.00, 106.00, 108.00, 112.00, 86.00, 122.00, 112.00, 76.00, 80.00, 119.00, 97.00, 121.00, 86.00, 109.00
87.00, 92.00, 89.00, 113.00, 91.00, 118.00, 84.00, 114.00, 77.00, 84.00, 111.00, 123.00, 103.00, 105.00, 120.00, 89.00, 82.00, 94.00, 75.00, 90.00
0.00, 0.00, 92.00, 82.00, 90.00, 78.00, 82.00, 110.00, 86.00, 102.00, 75.00, 80.00, 101.00, 79.00, 78.00, 105.00, 75.00, 77.00, 122.00, 83.00
0.00, 0.00, 0.00, 84.00, 121.00, 114.00, 80.00, 95.00, 75.00, 87.00, 98.00, 122.00, 104.00, 98.00, 79.00, 110.00, 117.00, 123.00, 79.00, 87.00
0.00, 0.00, 99.00, 0.00, 92.00, 114.00, 96.00, 122.00, 121.00, 116.00, 106.00, 87.00, 91.00, 117.00, 117.00, 90.00, 100.00, 115.00, 95.00, 120.00
0.00, 93.00, 0.00, 0.00, 122.00, 118.00, 89.00, 87.00, 75.00, 95.00, 92.00, 91.00, 99.00, 79.00, 122.00, 123.00, 95.00, 86.00, 96.00, 114.00
116.00, 88.00, 80.00, 0.00, 101.00, 116.00, 75.00, 89.00, 103.00, 77.00, 111.00, 111.00, 113.00, 108.00, 92.00, 102.00, 124.00, 115.00, 114.00, 75.00
119.00, 113.00, 112.00, 90.00, 91.00, 81.00, 100.00, 101.00, 79.00, 106.00, 118.00, 80.00, 101.00, 119.00, 92.00, 113.00, 116.00, 95.00, 101.00, 79.00
0.00, 117.00, 76.00, 0.00, 98.00, 76.00, 108.00, 93.00, 113.00, 80.00, 92.00, 110.00, 77.00, 123.00, 84.00, 106.00, 104.00, 105.00, 99.00, 99.00
84.00, 0.00, 81.00, 86.00, 108.00, 123.00, 95.00, 100.00, 97.00, 96.00, 97.00, 118.00, 118.00, 101.00, 76.00, 81.00, 103.00, 90.00, 90.00, 120.00
75.00, 0.00, 97.00, 96.00, 84.00, 77.00, 109.00, 77.00, 108.00, 89.00, 116.00, 97.00, 92.00, 86.00, 102.00, 81.00, 109.00, 91.00, 78.00, 93.00
0.00, 117.00, 91.00, 88.00, 81.00, 80.00, 113.00, 75.00, 89.00, 102.00, 83.00, 119.00, 95.00, 119.00, 111.00, 102.00, 99.00, 77.00, 108.00, 110.00
0.00, 0.00, 101.00, 0.00, 75.00, 80.00, 101.00, 109.00, 88.00, 99.00, 88.00, 100.00, 109.00, 113.00, 97.00, 121.00, 75.00, 91.00, 81.00, 82.00
0.00, 98.00, 0.00, 109.00, 116.00, 111.00, 103.00, 107.00, 75.00, 78.00, 82.00, 82.00, 108.00, 107.00, 121.00, 96.00, 122.00, 96.00, 86.00, 98.00
0.00, 0.00, 0.00, 94.00, 103.00, 77.00, 109.00, 94.00, 103.00, 109.00, 96.00, 79.00, 75.00, 86.00, 86.00, 95.00, 81.00, 99.00, 85.00, 88.00
117.00, 117.00, 99.00, 92.00, 93.00, 113.00, 104.00, 88.00, 82.00, 82.00, 120.00, 80.00, 98.00, 104.00, 98.00, 104.00, 79.00, 94.00, 83.00, 103.00
0.00, 107.00, 0.00, 0.00, 115.00, 113.00, 101.00, 82.00, 79.00, 83.00, 91.00, 118.00, 100.00, 79.00, 96.00, 81.00, 98.00, 124.00, 76.00, 117.00
108.00, 111.00, 112.00, 0.00, 81.00, 101.00, 98.00, 98.00, 82.00, 111.00, 82.00, 120.00, 118.00, 86.00, 120.00, 95.00, 110.00, 103.00, 111.00, 89.00
83.00, 78.00, 83.00, 102.00, 115.00, 79.00, 79.00, 84.00, 76.00, 100.00, 76.00, 121.00, 93.00, 98.00, 86.00, 77.00, 119.00, 109.00, 112.00, 122.00
80.00, 0.00, 122.00, 108.00, 84.00, 79.00, 78.00, 105.00, 121.00, 115.00, 113.00, 89.00, 105.00, 103.00, 102.00, 82.00, 103.00, 124.00, 104.00, 103.00

[PRODKOEF]
1, 1, 1.00
1, 2, 1.00
1, 3, 1.00
1, 4, 1.00
1, 5, 1.00
1, 6, 1.00
1, 7, 1.00
1, 8, 1.00
1, 9, 1.00
1, 10, 1.00
1, 11, 1.00
1, 12, 1.00
1, 13, 1.00
1, 14, 1.00
1, 15, 1.00
1, 16, 1.00
1, 17, 1.00
1, 18, 1.00
1, 19, 1.00
1, 20, 1.00

[RUESTK]
1200.00
400.00
1200.00
800.00
1000.00
400.00
800.00
1200.00
800.00
800.00
1200.00
1000.00
400.00
600.00
1200.00
600.00
1200.00
1200.00
1000.00
1000.00

[RUESTZ]
1, 1, 17.00
1, 2, 17.00
1, 3, 14.00
1, 4, 11.00
1, 5, 5.00
1, 6, 14.00
1, 7, 5.00
1, 8, 11.00
1, 9, 17.00
1, 10, 17.00
1, 11, 17.00
1, 12, 17.00
1, 13, 8.00
1, 14, 8.00
1, 15, 11.00
1, 16, 11.00
1, 17, 5.00
1, 18, 17.00
1, 19, 14.00
1, 20, 8.00

[UEBER-KS]
10000

[DIREKT-B]

