# test0365
[INDEX]
6, 30, 1

[LAGKOST]
4.00, 3.00, 2.00, 5.00, 1.00, 2.00

[L0]
0, 0, 0, 0, 0, 0

[LT]
0, 0, 0, 0, 0, 0

[KAPAZ]
754, 754, 754, 754, 754, 754, 754, 754, 754, 754, 754, 754, 754, 754, 754, 754, 754, 754, 754, 754, 754, 754, 754, 754, 754, 754, 754, 754, 754, 754

[P-BEDARF]
102.00, 89.00, 0.00, 81.00, 80.00, 78.00, 118.00, 119.00, 116.00, 88.00, 93.00, 100.00, 84.00, 121.00, 91.00, 95.00, 103.00, 118.00, 85.00, 83.00, 100.00, 88.00, 105.00, 121.00, 98.00, 121.00, 107.00, 85.00, 80.00, 111.00
0.00, 108.00, 117.00, 106.00, 97.00, 116.00, 110.00, 105.00, 115.00, 85.00, 80.00, 104.00, 115.00, 121.00, 83.00, 120.00, 105.00, 98.00, 86.00, 89.00, 114.00, 95.00, 123.00, 81.00, 113.00, 125.00, 122.00, 124.00, 98.00, 77.00
122.00, 95.00, 110.00, 109.00, 117.00, 92.00, 97.00, 109.00, 100.00, 116.00, 98.00, 79.00, 89.00, 90.00, 79.00, 118.00, 104.00, 78.00, 94.00, 90.00, 86.00, 124.00, 95.00, 97.00, 93.00, 114.00, 113.00, 80.00, 120.00, 114.00
0.00, 0.00, 106.00, 0.00, 122.00, 106.00, 90.00, 109.00, 114.00, 83.00, 116.00, 86.00, 97.00, 96.00, 80.00, 82.00, 80.00, 87.00, 94.00, 86.00, 89.00, 89.00, 115.00, 107.00, 97.00, 108.00, 86.00, 117.00, 84.00, 94.00
124.00, 111.00, 97.00, 77.00, 84.00, 107.00, 119.00, 121.00, 84.00, 105.00, 116.00, 103.00, 79.00, 117.00, 119.00, 125.00, 97.00, 124.00, 119.00, 106.00, 109.00, 118.00, 84.00, 117.00, 88.00, 123.00, 95.00, 82.00, 78.00, 87.00
109.00, 0.00, 75.00, 103.00, 106.00, 89.00, 107.00, 92.00, 83.00, 81.00, 99.00, 93.00, 106.00, 90.00, 94.00, 112.00, 106.00, 109.00, 118.00, 109.00, 104.00, 112.00, 122.00, 92.00, 111.00, 119.00, 98.00, 87.00, 110.00, 78.00

[PRODKOEF]
1, 1, 1.00
1, 2, 1.00
1, 3, 1.00
1, 4, 1.00
1, 5, 1.00
1, 6, 1.00

[RUESTK]
800.00
800.00
200.00
400.00
200.00
400.00

[RUESTZ]
1, 1, 10.00
1, 2, 30.00
1, 3, 40.00
1, 4, 10.00
1, 5, 50.00
1, 6, 20.00

[UEBER-KS]
10000

[DIREKT-B]

