# test0760
[INDEX]
20, 20, 1

[LAGKOST]
0.80, 0.80, 0.90, 1.20, 0.90, 1.20, 0.80, 1.10, 0.80, 1.20, 1.00, 1.20, 0.90, 0.90, 1.00, 1.00, 1.00, 0.90, 0.90, 0.90

[L0]
0, 0, 0, 0, 0, 0, 0, 0, 0, 0, 0, 0, 0, 0, 0, 0, 0, 0, 0, 0

[LT]
0, 0, 0, 0, 0, 0, 0, 0, 0, 0, 0, 0, 0, 0, 0, 0, 0, 0, 0, 0

[KAPAZ]
2098, 2098, 2098, 2098, 2098, 2098, 2098, 2098, 2098, 2098, 2098, 2098, 2098, 2098, 2098, 2098, 2098, 2098, 2098, 2098

[P-BEDARF]
5.00, 0.00, 0.00, 0.00, 172.00, 22.00, 78.00, 138.00, 27.00, 70.00, 140.00, 69.00, 29.00, 48.00, 71.00, 145.00, 91.00, 155.00, 66.00, 144.00
0.00, 0.00, 6.00, 168.00, 184.00, 55.00, 100.00, 181.00, 125.00, 69.00, 189.00, 66.00, 37.00, 181.00, 125.00, 139.00, 93.00, 138.00, 80.00, 130.00
0.00, 123.00, 0.00, 49.00, 25.00, 135.00, 160.00, 161.00, 46.00, 54.00, 93.00, 178.00, 156.00, 159.00, 154.00, 177.00, 125.00, 195.00, 142.00, 34.00
179.00, 0.00, 162.00, 0.00, 68.00, 44.00, 29.00, 126.00, 39.00, 6.00, 191.00, 182.00, 126.00, 121.00, 7.00, 132.00, 93.00, 134.00, 81.00, 25.00
0.00, 46.00, 0.00, 0.00, 142.00, 50.00, 171.00, 81.00, 16.00, 144.00, 148.00, 65.00, 20.00, 170.00, 85.00, 194.00, 71.00, 172.00, 75.00, 40.00
140.00, 0.00, 8.00, 0.00, 71.00, 105.00, 80.00, 198.00, 141.00, 137.00, 186.00, 129.00, 175.00, 125.00, 0.00, 76.00, 190.00, 142.00, 109.00, 14.00
0.00, 158.00, 180.00, 0.00, 25.00, 123.00, 155.00, 185.00, 28.00, 173.00, 6.00, 116.00, 182.00, 110.00, 160.00, 59.00, 112.00, 191.00, 30.00, 126.00
13.00, 0.00, 0.00, 0.00, 10.00, 86.00, 48.00, 25.00, 12.00, 21.00, 143.00, 73.00, 187.00, 65.00, 80.00, 183.00, 192.00, 183.00, 66.00, 162.00
37.00, 14.00, 0.00, 0.00, 37.00, 152.00, 27.00, 163.00, 15.00, 127.00, 128.00, 31.00, 63.00, 63.00, 136.00, 74.00, 13.00, 73.00, 119.00, 45.00
0.00, 0.00, 0.00, 129.00, 131.00, 187.00, 125.00, 72.00, 184.00, 107.00, 32.00, 36.00, 73.00, 194.00, 46.00, 30.00, 136.00, 130.00, 62.00, 157.00
19.00, 102.00, 0.00, 0.00, 183.00, 190.00, 44.00, 172.00, 73.00, 34.00, 133.00, 131.00, 34.00, 97.00, 159.00, 125.00, 29.00, 165.00, 79.00, 53.00
0.00, 0.00, 123.00, 0.00, 124.00, 42.00, 126.00, 107.00, 18.00, 98.00, 42.00, 195.00, 152.00, 82.00, 55.00, 16.00, 153.00, 132.00, 71.00, 140.00
175.00, 0.00, 60.00, 0.00, 3.00, 122.00, 94.00, 192.00, 60.00, 35.00, 154.00, 90.00, 130.00, 121.00, 138.00, 59.00, 182.00, 187.00, 198.00, 91.00
0.00, 0.00, 137.00, 145.00, 191.00, 94.00, 68.00, 155.00, 192.00, 69.00, 62.00, 31.00, 173.00, 147.00, 58.00, 10.00, 51.00, 34.00, 155.00, 148.00
131.00, 0.00, 0.00, 59.00, 19.00, 96.00, 66.00, 12.00, 121.00, 64.00, 116.00, 110.00, 77.00, 198.00, 14.00, 129.00, 40.00, 101.00, 66.00, 33.00
0.00, 0.00, 0.00, 63.00, 81.00, 23.00, 55.00, 7.00, 120.00, 65.00, 83.00, 120.00, 120.00, 87.00, 156.00, 16.00, 183.00, 49.00, 27.00, 187.00
0.00, 0.00, 0.00, 44.00, 74.00, 122.00, 130.00, 132.00, 51.00, 15.00, 181.00, 137.00, 84.00, 187.00, 136.00, 28.00, 40.00, 138.00, 169.00, 128.00
29.00, 30.00, 140.00, 0.00, 94.00, 58.00, 18.00, 58.00, 106.00, 96.00, 174.00, 50.00, 59.00, 178.00, 72.00, 28.00, 170.00, 111.00, 87.00, 105.00
170.00, 138.00, 113.00, 0.00, 166.00, 30.00, 34.00, 58.00, 121.00, 193.00, 98.00, 71.00, 20.00, 74.00, 177.00, 109.00, 168.00, 176.00, 6.00, 114.00
0.00, 0.00, 0.00, 128.00, 103.00, 59.00, 42.00, 26.00, 69.00, 144.00, 35.00, 138.00, 187.00, 169.00, 28.00, 148.00, 149.00, 31.00, 182.00, 136.00

[PRODKOEF]
1, 1, 1.00
1, 2, 1.00
1, 3, 1.00
1, 4, 1.00
1, 5, 1.00
1, 6, 1.00
1, 7, 1.00
1, 8, 1.00
1, 9, 1.00
1, 10, 1.00
1, 11, 1.00
1, 12, 1.00
1, 13, 1.00
1, 14, 1.00
1, 15, 1.00
1, 16, 1.00
1, 17, 1.00
1, 18, 1.00
1, 19, 1.00
1, 20, 1.00

[RUESTK]
400.00
800.00
400.00
800.00
800.00
1200.00
1000.00
600.00
1000.00
1000.00
600.00
600.00
400.00
400.00
1000.00
400.00
400.00
600.00
1000.00
600.00

[RUESTZ]
1, 1, 65.00
1, 2, 32.00
1, 3, 32.00
1, 4, 54.00
1, 5, 54.00
1, 6, 43.00
1, 7, 43.00
1, 8, 21.00
1, 9, 32.00
1, 10, 32.00
1, 11, 65.00
1, 12, 43.00
1, 13, 43.00
1, 14, 21.00
1, 15, 54.00
1, 16, 21.00
1, 17, 43.00
1, 18, 54.00
1, 19, 54.00
1, 20, 65.00

[UEBER-KS]
10000

[DIREKT-B]

