# test0201
[INDEX]
6, 15, 1

[LAGKOST]
5.00, 3.00, 2.00, 3.00, 2.00, 4.00

[L0]
0, 0, 0, 0, 0, 0

[LT]
0, 0, 0, 0, 0, 0

[KAPAZ]
728, 728, 728, 728, 728, 728, 728, 728, 728, 728, 728, 728, 728, 728, 728

[P-BEDARF]
108.00, 80.00, 0.00, 107.00, 110.00, 104.00, 87.00, 94.00, 110.00, 111.00, 112.00, 103.00, 89.00, 80.00, 77.00
107.00, 91.00, 0.00, 120.00, 86.00, 103.00, 89.00, 116.00, 95.00, 115.00, 111.00, 99.00, 79.00, 111.00, 116.00
117.00, 0.00, 105.00, 110.00, 76.00, 86.00, 103.00, 100.00, 86.00, 89.00, 112.00, 121.00, 77.00, 91.00, 98.00
92.00, 89.00, 102.00, 0.00, 87.00, 85.00, 119.00, 105.00, 109.00, 99.00, 119.00, 86.00, 97.00, 98.00, 98.00
0.00, 0.00, 117.00, 78.00, 88.00, 91.00, 89.00, 79.00, 77.00, 99.00, 106.00, 124.00, 87.00, 119.00, 106.00
99.00, 0.00, 86.00, 119.00, 91.00, 76.00, 117.00, 79.00, 84.00, 101.00, 119.00, 117.00, 102.00, 83.00, 103.00

[PRODKOEF]
1, 1, 1.00
1, 2, 1.00
1, 3, 1.00
1, 4, 1.00
1, 5, 1.00
1, 6, 1.00

[RUESTK]
1000.00
600.00
400.00
1000.00
400.00
400.00

[RUESTZ]
1, 1, 40.00
1, 2, 50.00
1, 3, 20.00
1, 4, 40.00
1, 5, 30.00
1, 6, 30.00

[UEBER-KS]
10000

[DIREKT-B]

