# test0369
[INDEX]
12, 30, 1

[LAGKOST]
2.00, 2.00, 1.00, 4.00, 2.00, 3.00, 1.00, 4.00, 2.00, 2.00, 1.00, 3.00

[L0]
0, 0, 0, 0, 0, 0, 0, 0, 0, 0, 0, 0

[LT]
0, 0, 0, 0, 0, 0, 0, 0, 0, 0, 0, 0

[KAPAZ]
1508, 1508, 1508, 1508, 1508, 1508, 1508, 1508, 1508, 1508, 1508, 1508, 1508, 1508, 1508, 1508, 1508, 1508, 1508, 1508, 1508, 1508, 1508, 1508, 1508, 1508, 1508, 1508, 1508, 1508

[P-BEDARF]
89.00, 0.00, 92.00, 123.00, 99.00, 109.00, 109.00, 116.00, 80.00, 110.00, 98.00, 104.00, 109.00, 83.00, 88.00, 109.00, 76.00, 90.00, 90.00, 88.00, 115.00, 90.00, 116.00, 110.00, 124.00, 114.00, 104.00, 123.00, 90.00, 87.00
92.00, 110.00, 116.00, 89.00, 90.00, 85.00, 106.00, 105.00, 92.00, 96.00, 102.00, 97.00, 80.00, 117.00, 99.00, 86.00, 79.00, 84.00, 124.00, 93.00, 88.00, 123.00, 114.00, 117.00, 98.00, 76.00, 85.00, 111.00, 124.00, 122.00
0.00, 113.00, 119.00, 79.00, 92.00, 80.00, 101.00, 86.00, 77.00, 88.00, 84.00, 102.00, 101.00, 105.00, 101.00, 88.00, 91.00, 91.00, 83.00, 110.00, 89.00, 77.00, 88.00, 117.00, 124.00, 84.00, 121.00, 112.00, 84.00, 103.00
91.00, 86.00, 0.00, 122.00, 98.00, 113.00, 104.00, 118.00, 89.00, 108.00, 85.00, 84.00, 87.00, 124.00, 112.00, 104.00, 81.00, 93.00, 80.00, 77.00, 92.00, 102.00, 107.00, 97.00, 105.00, 119.00, 114.00, 75.00, 92.00, 117.00
0.00, 98.00, 105.00, 76.00, 108.00, 111.00, 116.00, 86.00, 84.00, 111.00, 107.00, 89.00, 117.00, 103.00, 115.00, 82.00, 116.00, 86.00, 77.00, 119.00, 99.00, 121.00, 101.00, 78.00, 121.00, 111.00, 91.00, 91.00, 91.00, 125.00
104.00, 114.00, 85.00, 0.00, 114.00, 102.00, 116.00, 103.00, 110.00, 91.00, 76.00, 123.00, 118.00, 102.00, 84.00, 111.00, 119.00, 78.00, 97.00, 120.00, 119.00, 105.00, 90.00, 91.00, 125.00, 92.00, 124.00, 118.00, 123.00, 91.00
108.00, 104.00, 121.00, 0.00, 108.00, 107.00, 101.00, 93.00, 97.00, 96.00, 97.00, 91.00, 106.00, 84.00, 118.00, 123.00, 124.00, 96.00, 89.00, 102.00, 118.00, 94.00, 78.00, 95.00, 114.00, 101.00, 122.00, 91.00, 117.00, 78.00
112.00, 96.00, 109.00, 0.00, 76.00, 75.00, 106.00, 82.00, 98.00, 109.00, 98.00, 89.00, 124.00, 84.00, 108.00, 90.00, 119.00, 125.00, 110.00, 81.00, 89.00, 115.00, 111.00, 104.00, 107.00, 78.00, 121.00, 78.00, 90.00, 94.00
101.00, 0.00, 114.00, 92.00, 79.00, 93.00, 80.00, 103.00, 112.00, 93.00, 115.00, 114.00, 89.00, 100.00, 82.00, 90.00, 103.00, 83.00, 109.00, 113.00, 122.00, 99.00, 112.00, 118.00, 117.00, 110.00, 75.00, 105.00, 90.00, 116.00
0.00, 104.00, 0.00, 119.00, 91.00, 79.00, 76.00, 79.00, 91.00, 79.00, 104.00, 84.00, 117.00, 91.00, 122.00, 123.00, 95.00, 77.00, 112.00, 103.00, 83.00, 104.00, 125.00, 117.00, 95.00, 112.00, 110.00, 124.00, 82.00, 97.00
101.00, 100.00, 82.00, 86.00, 87.00, 90.00, 90.00, 96.00, 87.00, 86.00, 90.00, 121.00, 99.00, 98.00, 91.00, 82.00, 96.00, 115.00, 87.00, 95.00, 102.00, 84.00, 87.00, 91.00, 116.00, 80.00, 85.00, 99.00, 83.00, 87.00
0.00, 115.00, 78.00, 0.00, 108.00, 78.00, 105.00, 116.00, 107.00, 104.00, 103.00, 125.00, 87.00, 120.00, 96.00, 86.00, 117.00, 96.00, 121.00, 95.00, 119.00, 120.00, 99.00, 100.00, 84.00, 121.00, 114.00, 79.00, 105.00, 97.00

[PRODKOEF]
1, 1, 1.00
1, 2, 1.00
1, 3, 1.00
1, 4, 1.00
1, 5, 1.00
1, 6, 1.00
1, 7, 1.00
1, 8, 1.00
1, 9, 1.00
1, 10, 1.00
1, 11, 1.00
1, 12, 1.00

[RUESTK]
600.00
800.00
600.00
200.00
1000.00
1000.00
800.00
400.00
200.00
1000.00
200.00
400.00

[RUESTZ]
1, 1, 10.00
1, 2, 40.00
1, 3, 20.00
1, 4, 10.00
1, 5, 10.00
1, 6, 50.00
1, 7, 40.00
1, 8, 40.00
1, 9, 50.00
1, 10, 20.00
1, 11, 40.00
1, 12, 20.00

[UEBER-KS]
10000

[DIREKT-B]

