# test0361
[INDEX]
6, 30, 1

[LAGKOST]
5.00, 4.00, 4.00, 2.00, 3.00, 2.00

[L0]
0, 0, 0, 0, 0, 0

[LT]
0, 0, 0, 0, 0, 0

[KAPAZ]
754, 754, 754, 754, 754, 754, 754, 754, 754, 754, 754, 754, 754, 754, 754, 754, 754, 754, 754, 754, 754, 754, 754, 754, 754, 754, 754, 754, 754, 754

[P-BEDARF]
78.00, 115.00, 91.00, 78.00, 95.00, 76.00, 117.00, 123.00, 94.00, 105.00, 78.00, 109.00, 107.00, 95.00, 88.00, 92.00, 75.00, 106.00, 113.00, 104.00, 86.00, 79.00, 101.00, 100.00, 86.00, 110.00, 82.00, 122.00, 119.00, 114.00
88.00, 98.00, 75.00, 103.00, 100.00, 120.00, 99.00, 95.00, 92.00, 96.00, 93.00, 84.00, 114.00, 100.00, 91.00, 88.00, 87.00, 120.00, 95.00, 103.00, 123.00, 121.00, 100.00, 90.00, 112.00, 97.00, 95.00, 81.00, 88.00, 90.00
79.00, 101.00, 84.00, 0.00, 96.00, 88.00, 96.00, 117.00, 111.00, 79.00, 99.00, 77.00, 121.00, 102.00, 101.00, 101.00, 94.00, 114.00, 103.00, 80.00, 114.00, 117.00, 90.00, 95.00, 101.00, 90.00, 79.00, 92.00, 108.00, 109.00
0.00, 0.00, 123.00, 83.00, 123.00, 97.00, 81.00, 96.00, 84.00, 110.00, 113.00, 104.00, 103.00, 106.00, 86.00, 115.00, 84.00, 108.00, 112.00, 103.00, 79.00, 115.00, 87.00, 109.00, 102.00, 120.00, 121.00, 122.00, 103.00, 96.00
79.00, 123.00, 0.00, 82.00, 79.00, 87.00, 76.00, 123.00, 108.00, 101.00, 84.00, 83.00, 80.00, 121.00, 111.00, 83.00, 108.00, 116.00, 90.00, 95.00, 102.00, 86.00, 115.00, 96.00, 96.00, 106.00, 109.00, 102.00, 96.00, 97.00
88.00, 108.00, 96.00, 97.00, 115.00, 100.00, 77.00, 124.00, 87.00, 114.00, 85.00, 109.00, 102.00, 121.00, 90.00, 113.00, 96.00, 76.00, 86.00, 99.00, 100.00, 79.00, 106.00, 100.00, 113.00, 105.00, 117.00, 114.00, 105.00, 119.00

[PRODKOEF]
1, 1, 1.00
1, 2, 1.00
1, 3, 1.00
1, 4, 1.00
1, 5, 1.00
1, 6, 1.00

[RUESTK]
400.00
200.00
400.00
400.00
1000.00
600.00

[RUESTZ]
1, 1, 10.00
1, 2, 50.00
1, 3, 20.00
1, 4, 40.00
1, 5, 40.00
1, 6, 40.00

[UEBER-KS]
10000

[DIREKT-B]

