# test0581
[INDEX]
20, 20, 1

[LAGKOST]
1.10, 1.00, 1.00, 1.10, 0.80, 0.90, 1.20, 1.20, 0.90, 1.10, 0.80, 1.10, 1.20, 0.90, 1.00, 0.90, 1.00, 0.90, 1.00, 0.90

[L0]
0, 0, 0, 0, 0, 0, 0, 0, 0, 0, 0, 0, 0, 0, 0, 0, 0, 0, 0, 0

[LT]
0, 0, 0, 0, 0, 0, 0, 0, 0, 0, 0, 0, 0, 0, 0, 0, 0, 0, 0, 0

[KAPAZ]
2664, 2664, 2664, 2664, 2664, 2664, 2664, 2664, 2664, 2664, 2664, 2664, 2664, 2664, 2664, 2664, 2664, 2664, 2664, 2664

[P-BEDARF]
124.00, 0.00, 103.00, 0.00, 113.00, 93.00, 118.00, 108.00, 95.00, 121.00, 102.00, 77.00, 124.00, 123.00, 95.00, 77.00, 94.00, 104.00, 98.00, 119.00
0.00, 109.00, 83.00, 0.00, 110.00, 104.00, 79.00, 87.00, 90.00, 97.00, 80.00, 86.00, 89.00, 117.00, 124.00, 107.00, 110.00, 113.00, 112.00, 105.00
0.00, 0.00, 88.00, 91.00, 103.00, 98.00, 75.00, 124.00, 89.00, 102.00, 76.00, 118.00, 87.00, 95.00, 90.00, 80.00, 96.00, 95.00, 103.00, 111.00
0.00, 79.00, 0.00, 83.00, 119.00, 109.00, 82.00, 88.00, 119.00, 105.00, 82.00, 107.00, 120.00, 95.00, 123.00, 91.00, 79.00, 119.00, 103.00, 95.00
120.00, 0.00, 0.00, 0.00, 78.00, 90.00, 121.00, 110.00, 90.00, 113.00, 111.00, 105.00, 115.00, 108.00, 105.00, 124.00, 92.00, 116.00, 91.00, 113.00
120.00, 0.00, 0.00, 113.00, 87.00, 108.00, 111.00, 97.00, 86.00, 82.00, 103.00, 101.00, 102.00, 79.00, 76.00, 97.00, 78.00, 122.00, 85.00, 110.00
108.00, 0.00, 0.00, 0.00, 116.00, 122.00, 123.00, 86.00, 102.00, 82.00, 86.00, 113.00, 98.00, 120.00, 81.00, 79.00, 112.00, 98.00, 87.00, 104.00
0.00, 0.00, 88.00, 104.00, 92.00, 105.00, 94.00, 121.00, 123.00, 98.00, 104.00, 90.00, 122.00, 88.00, 101.00, 79.00, 104.00, 120.00, 111.00, 98.00
94.00, 91.00, 0.00, 107.00, 114.00, 116.00, 120.00, 80.00, 106.00, 89.00, 83.00, 124.00, 111.00, 88.00, 107.00, 116.00, 78.00, 97.00, 110.00, 103.00
0.00, 113.00, 84.00, 0.00, 83.00, 120.00, 78.00, 108.00, 84.00, 108.00, 102.00, 111.00, 122.00, 84.00, 108.00, 110.00, 99.00, 85.00, 97.00, 83.00
0.00, 91.00, 84.00, 104.00, 104.00, 92.00, 82.00, 105.00, 96.00, 77.00, 101.00, 102.00, 84.00, 108.00, 90.00, 109.00, 79.00, 119.00, 101.00, 83.00
0.00, 82.00, 0.00, 114.00, 114.00, 80.00, 85.00, 93.00, 108.00, 89.00, 88.00, 102.00, 100.00, 78.00, 117.00, 102.00, 112.00, 124.00, 105.00, 100.00
0.00, 122.00, 113.00, 0.00, 96.00, 99.00, 121.00, 98.00, 99.00, 89.00, 85.00, 92.00, 82.00, 118.00, 117.00, 91.00, 95.00, 118.00, 93.00, 91.00
87.00, 0.00, 0.00, 78.00, 98.00, 109.00, 90.00, 87.00, 108.00, 77.00, 111.00, 112.00, 77.00, 82.00, 112.00, 90.00, 103.00, 116.00, 121.00, 98.00
112.00, 0.00, 93.00, 0.00, 89.00, 104.00, 88.00, 101.00, 75.00, 108.00, 83.00, 102.00, 124.00, 121.00, 113.00, 118.00, 103.00, 76.00, 118.00, 100.00
118.00, 90.00, 120.00, 121.00, 86.00, 104.00, 121.00, 111.00, 122.00, 88.00, 105.00, 119.00, 122.00, 112.00, 81.00, 80.00, 97.00, 94.00, 119.00, 92.00
83.00, 0.00, 86.00, 0.00, 118.00, 115.00, 108.00, 122.00, 82.00, 78.00, 110.00, 86.00, 90.00, 103.00, 104.00, 105.00, 83.00, 75.00, 92.00, 79.00
0.00, 92.00, 0.00, 118.00, 110.00, 102.00, 82.00, 114.00, 90.00, 78.00, 121.00, 81.00, 109.00, 101.00, 76.00, 89.00, 82.00, 101.00, 109.00, 93.00
96.00, 0.00, 0.00, 0.00, 115.00, 98.00, 95.00, 108.00, 102.00, 109.00, 87.00, 112.00, 76.00, 107.00, 112.00, 108.00, 89.00, 119.00, 85.00, 86.00
0.00, 121.00, 0.00, 83.00, 111.00, 96.00, 117.00, 91.00, 84.00, 85.00, 122.00, 76.00, 94.00, 82.00, 112.00, 83.00, 94.00, 93.00, 100.00, 101.00

[PRODKOEF]
1, 1, 1.00
1, 2, 1.00
1, 3, 1.00
1, 4, 1.00
1, 5, 1.00
1, 6, 1.00
1, 7, 1.00
1, 8, 1.00
1, 9, 1.00
1, 10, 1.00
1, 11, 1.00
1, 12, 1.00
1, 13, 1.00
1, 14, 1.00
1, 15, 1.00
1, 16, 1.00
1, 17, 1.00
1, 18, 1.00
1, 19, 1.00
1, 20, 1.00

[RUESTK]
50.00
75.00
62.00
75.00
50.00
50.00
62.00
25.00
62.00
25.00
37.00
62.00
37.00
50.00
62.00
50.00
50.00
62.00
50.00
37.00

[RUESTZ]
1, 1, 11.00
1, 2, 17.00
1, 3, 17.00
1, 4, 11.00
1, 5, 14.00
1, 6, 17.00
1, 7, 5.00
1, 8, 11.00
1, 9, 8.00
1, 10, 11.00
1, 11, 5.00
1, 12, 17.00
1, 13, 17.00
1, 14, 17.00
1, 15, 17.00
1, 16, 5.00
1, 17, 8.00
1, 18, 5.00
1, 19, 5.00
1, 20, 14.00

[UEBER-KS]
10000

[DIREKT-B]

