# test0362
[INDEX]
6, 30, 1

[LAGKOST]
2.00, 2.00, 4.00, 5.00, 4.00, 1.00

[L0]
0, 0, 0, 0, 0, 0

[LT]
0, 0, 0, 0, 0, 0

[KAPAZ]
754, 754, 754, 754, 754, 754, 754, 754, 754, 754, 754, 754, 754, 754, 754, 754, 754, 754, 754, 754, 754, 754, 754, 754, 754, 754, 754, 754, 754, 754

[P-BEDARF]
102.00, 99.00, 97.00, 0.00, 110.00, 112.00, 85.00, 105.00, 121.00, 77.00, 89.00, 80.00, 88.00, 101.00, 113.00, 88.00, 85.00, 107.00, 95.00, 84.00, 76.00, 80.00, 109.00, 121.00, 108.00, 75.00, 104.00, 93.00, 80.00, 109.00
97.00, 79.00, 88.00, 0.00, 83.00, 101.00, 116.00, 103.00, 97.00, 119.00, 91.00, 112.00, 104.00, 97.00, 76.00, 77.00, 75.00, 109.00, 81.00, 122.00, 102.00, 107.00, 83.00, 98.00, 123.00, 107.00, 124.00, 90.00, 89.00, 107.00
0.00, 0.00, 108.00, 0.00, 104.00, 99.00, 85.00, 122.00, 94.00, 118.00, 99.00, 97.00, 81.00, 123.00, 88.00, 75.00, 84.00, 90.00, 80.00, 123.00, 122.00, 120.00, 111.00, 98.00, 114.00, 114.00, 106.00, 105.00, 111.00, 118.00
0.00, 111.00, 100.00, 124.00, 79.00, 92.00, 112.00, 103.00, 90.00, 88.00, 121.00, 124.00, 106.00, 118.00, 90.00, 104.00, 79.00, 104.00, 106.00, 91.00, 115.00, 104.00, 122.00, 106.00, 79.00, 122.00, 118.00, 118.00, 118.00, 90.00
96.00, 113.00, 0.00, 97.00, 87.00, 105.00, 109.00, 76.00, 97.00, 114.00, 85.00, 75.00, 102.00, 95.00, 99.00, 99.00, 113.00, 115.00, 114.00, 86.00, 98.00, 97.00, 83.00, 105.00, 99.00, 103.00, 102.00, 109.00, 104.00, 81.00
102.00, 77.00, 95.00, 0.00, 108.00, 105.00, 98.00, 75.00, 116.00, 93.00, 125.00, 86.00, 112.00, 112.00, 89.00, 104.00, 121.00, 104.00, 76.00, 101.00, 103.00, 97.00, 103.00, 75.00, 77.00, 122.00, 102.00, 94.00, 116.00, 122.00

[PRODKOEF]
1, 1, 1.00
1, 2, 1.00
1, 3, 1.00
1, 4, 1.00
1, 5, 1.00
1, 6, 1.00

[RUESTK]
600.00
800.00
200.00
200.00
1000.00
200.00

[RUESTZ]
1, 1, 20.00
1, 2, 50.00
1, 3, 10.00
1, 4, 10.00
1, 5, 40.00
1, 6, 30.00

[UEBER-KS]
10000

[DIREKT-B]

